
SUMMARISING RUN PARAMETERS
==========================
Input filename: Nac_Sal_2_trimmed_2.fastq.gz
Trimming mode: paired-end
Trim Galore version: 0.6.10
Cutadapt version: 4.9
Python version: could not detect
Number of cores used for trimming: 8
Quality Phred score cutoff: 20
Quality encoding type selected: ASCII+33
Using Illumina adapter for trimming (count: 487273). Second best hit was smallRNA (count: 13)
Adapter sequence: 'AGATCGGAAGAGC' (Illumina TruSeq, Sanger iPCR; auto-detected)
Maximum trimming error rate: 0.1 (default)
Minimum required adapter overlap (stringency): 1 bp
Minimum required sequence length for both reads before a sequence pair gets removed: 20 bp
Running FastQC on the data once trimming has completed
Running FastQC with the following extra arguments: -t 12
Output file will be GZIP compressed


This is cutadapt 4.9 with Python 3.12.8
Command line parameters: -j 8 -e 0.1 -q 20 -O 1 -a AGATCGGAAGAGC Nac_Sal_2_trimmed_2.fastq.gz
Processing single-end reads on 8 cores ...
Finished in 100.801 s (3.750 µs/read; 16.00 M reads/minute).

=== Summary ===

Total reads processed:              26,877,663
Reads with adapters:                20,404,064 (75.9%)
Reads written (passing filters):    26,877,663 (100.0%)

Total basepairs processed: 4,031,649,450 bp
Quality-trimmed:             269,964,227 bp (6.7%)
Total written (filtered):  2,999,764,367 bp (74.4%)

=== Adapter 1 ===

Sequence: AGATCGGAAGAGC; Type: regular 3'; Length: 13; Trimmed: 20404064 times

Minimum overlap: 1
No. of allowed errors:
1-9 bp: 0; 10-13 bp: 1

Bases preceding removed adapters:
  A: 17.5%
  C: 35.9%
  G: 36.6%
  T: 9.5%
  none/other: 0.5%

Overview of removed sequences
length	count	expect	max.err	error counts
1	3765616	6719415.8	0	3765616
2	769153	1679853.9	0	769153
3	284989	419963.5	0	284989
4	127414	104990.9	0	127414
5	112529	26247.7	0	112529
6	109365	6561.9	0	109365
7	106398	1640.5	0	106398
8	96464	410.1	0	96464
9	93467	102.5	0	92899 568
10	115318	25.6	1	94567 20751
11	104117	6.4	1	86312 17805
12	113973	1.6	1	93208 20765
13	133992	0.4	1	107873 26119
14	182444	0.4	1	145139 37305
15	107133	0.4	1	89382 17751
16	148217	0.4	1	120569 27648
17	136804	0.4	1	111717 25087
18	104566	0.4	1	87307 17259
19	131218	0.4	1	107488 23730
20	119352	0.4	1	98097 21255
21	119550	0.4	1	99331 20219
22	141215	0.4	1	115831 25384
23	166344	0.4	1	135760 30584
24	174086	0.4	1	139017 35069
25	160511	0.4	1	130967 29544
26	161538	0.4	1	132665 28873
27	159113	0.4	1	131199 27914
28	183900	0.4	1	150727 33173
29	154572	0.4	1	128947 25625
30	216810	0.4	1	176476 40334
31	120545	0.4	1	102445 18100
32	170048	0.4	1	141914 28134
33	154137	0.4	1	130675 23462
34	197287	0.4	1	164770 32517
35	195477	0.4	1	163428 32049
36	254683	0.4	1	209247 45436
37	157622	0.4	1	134361 23261
38	227428	0.4	1	189581 37847
39	167366	0.4	1	141941 25425
40	177284	0.4	1	151291 25993
41	182309	0.4	1	155951 26358
42	215816	0.4	1	181076 34740
43	205414	0.4	1	171986 33428
44	220821	0.4	1	183966 36855
45	247637	0.4	1	209530 38107
46	235785	0.4	1	201496 34289
47	252559	0.4	1	214507 38052
48	245841	0.4	1	212904 32937
49	249510	0.4	1	214481 35029
50	247499	0.4	1	208629 38870
51	251670	0.4	1	214539 37131
52	265615	0.4	1	224657 40958
53	264585	0.4	1	221749 42836
54	282746	0.4	1	239881 42865
55	217625	0.4	1	185854 31771
56	268659	0.4	1	230115 38544
57	299174	0.4	1	254805 44369
58	252514	0.4	1	213269 39245
59	238624	0.4	1	203383 35241
60	260582	0.4	1	222301 38281
61	210927	0.4	1	181559 29368
62	202574	0.4	1	173430 29144
63	288851	0.4	1	248830 40021
64	134456	0.4	1	117120 17336
65	182863	0.4	1	159102 23761
66	188262	0.4	1	163427 24835
67	238215	0.4	1	206836 31379
68	200607	0.4	1	173032 27575
69	188661	0.4	1	162335 26326
70	188625	0.4	1	163436 25189
71	187998	0.4	1	164218 23780
72	183888	0.4	1	159666 24222
73	194128	0.4	1	168058 26070
74	226684	0.4	1	196340 30344
75	319596	0.4	1	226215 93381
76	1424956	0.4	1	1245224 179732
77	245071	0.4	1	210147 34924
78	60434	0.4	1	50642 9792
79	29420	0.4	1	24573 4847
80	25723	0.4	1	21524 4199
81	25606	0.4	1	21754 3852
82	21647	0.4	1	18236 3411
83	19172	0.4	1	15984 3188
84	18739	0.4	1	15894 2845
85	16071	0.4	1	13631 2440
86	16600	0.4	1	14186 2414
87	14412	0.4	1	12244 2168
88	13075	0.4	1	11197 1878
89	11670	0.4	1	10030 1640
90	9735	0.4	1	8380 1355
91	8694	0.4	1	7531 1163
92	7368	0.4	1	6334 1034
93	6998	0.4	1	5992 1006
94	5793	0.4	1	4903 890
95	5274	0.4	1	4491 783
96	4968	0.4	1	4232 736
97	4489	0.4	1	3853 636
98	3575	0.4	1	3054 521
99	3420	0.4	1	2911 509
100	3132	0.4	1	2710 422
101	2903	0.4	1	2456 447
102	2523	0.4	1	2111 412
103	1988	0.4	1	1686 302
104	1622	0.4	1	1328 294
105	1407	0.4	1	1144 263
106	1284	0.4	1	1070 214
107	1161	0.4	1	1005 156
108	1294	0.4	1	1098 196
109	1204	0.4	1	1007 197
110	1059	0.4	1	877 182
111	743	0.4	1	620 123
112	637	0.4	1	506 131
113	564	0.4	1	456 108
114	437	0.4	1	348 89
115	333	0.4	1	257 76
116	337	0.4	1	269 68
117	365	0.4	1	300 65
118	340	0.4	1	285 55
119	294	0.4	1	232 62
120	277	0.4	1	219 58
121	224	0.4	1	179 45
122	234	0.4	1	183 51
123	263	0.4	1	212 51
124	163	0.4	1	107 56
125	142	0.4	1	87 55
126	87	0.4	1	60 27
127	68	0.4	1	42 26
128	87	0.4	1	48 39
129	82	0.4	1	50 32
130	63	0.4	1	27 36
131	55	0.4	1	16 39
132	49	0.4	1	25 24
133	44	0.4	1	23 21
134	44	0.4	1	13 31
135	41	0.4	1	16 25
136	45	0.4	1	21 24
137	34	0.4	1	11 23
138	37	0.4	1	7 30
139	15	0.4	1	3 12
140	24	0.4	1	4 20
141	36	0.4	1	1 35
142	24	0.4	1	4 20
143	10	0.4	1	0 10
144	27	0.4	1	1 26
145	59	0.4	1	20 39
146	52	0.4	1	2 50
147	105	0.4	1	2 103
148	108	0.4	1	2 106
149	419	0.4	1	1 418
150	11244	0.4	1	27 11217

RUN STATISTICS FOR INPUT FILE: Nac_Sal_2_trimmed_2.fastq.gz
=============================================
26877663 sequences processed in total

Total number of sequences analysed for the sequence pair length validation: 26877663

Number of sequence pairs removed because at least one read was shorter than the length cutoff (20 bp): 249480 (0.93%)
