
SUMMARISING RUN PARAMETERS
==========================
Input filename: Nac_oxy_2_trimmed_1.fastq.gz
Trimming mode: paired-end
Trim Galore version: 0.6.10
Cutadapt version: 4.9
Python version: could not detect
Number of cores used for trimming: 8
Quality Phred score cutoff: 20
Quality encoding type selected: ASCII+33
Using Illumina adapter for trimming (count: 376943). Second best hit was Nextera (count: 14)
Adapter sequence: 'AGATCGGAAGAGC' (Illumina TruSeq, Sanger iPCR; auto-detected)
Maximum trimming error rate: 0.1 (default)
Minimum required adapter overlap (stringency): 1 bp
Minimum required sequence length for both reads before a sequence pair gets removed: 20 bp
Running FastQC on the data once trimming has completed
Running FastQC with the following extra arguments: -t 12
Output file will be GZIP compressed


This is cutadapt 4.9 with Python 3.12.8
Command line parameters: -j 8 -e 0.1 -q 20 -O 1 -a AGATCGGAAGAGC Nac_oxy_2_trimmed_1.fastq.gz
Processing single-end reads on 8 cores ...
Finished in 92.498 s (4.006 µs/read; 14.98 M reads/minute).

=== Summary ===

Total reads processed:              23,092,623
Reads with adapters:                15,717,912 (68.1%)
Reads written (passing filters):    23,092,623 (100.0%)

Total basepairs processed: 3,463,893,450 bp
Quality-trimmed:              83,510,678 bp (2.4%)
Total written (filtered):  2,929,399,698 bp (84.6%)

=== Adapter 1 ===

Sequence: AGATCGGAAGAGC; Type: regular 3'; Length: 13; Trimmed: 15717912 times

Minimum overlap: 1
No. of allowed errors:
1-9 bp: 0; 10-13 bp: 1

Bases preceding removed adapters:
  A: 19.9%
  C: 33.6%
  G: 30.2%
  T: 15.5%
  none/other: 0.8%

Overview of removed sequences
length	count	expect	max.err	error counts
1	3245795	5773155.8	0	3245795
2	943743	1443288.9	0	943743
3	372644	360822.2	0	372644
4	188400	90205.6	0	188400
5	160841	22551.4	0	160841
6	152242	5637.8	0	152242
7	150764	1409.5	0	150764
8	146089	352.4	0	146089
9	146406	88.1	0	145916 490
10	157688	22.0	1	146266 11422
11	153207	5.5	1	141879 11328
12	160287	1.4	1	147437 12850
13	161693	0.3	1	148886 12807
14	164556	0.3	1	151149 13407
15	162843	0.3	1	149756 13087
16	164665	0.3	1	150777 13888
17	162776	0.3	1	148801 13975
18	173125	0.3	1	158190 14935
19	148048	0.3	1	136341 11707
20	155561	0.3	1	143885 11676
21	153369	0.3	1	141715 11654
22	161032	0.3	1	148337 12695
23	163432	0.3	1	150812 12620
24	166886	0.3	1	153749 13137
25	169081	0.3	1	156328 12753
26	171576	0.3	1	158718 12858
27	166688	0.3	1	154528 12160
28	162976	0.3	1	150887 12089
29	155381	0.3	1	143986 11395
30	156193	0.3	1	144609 11584
31	155910	0.3	1	144303 11607
32	157995	0.3	1	146740 11255
33	164773	0.3	1	152225 12548
34	165906	0.3	1	153566 12340
35	164056	0.3	1	151743 12313
36	168190	0.3	1	155030 13160
37	156810	0.3	1	145373 11437
38	161715	0.3	1	149631 12084
39	141419	0.3	1	130962 10457
40	145552	0.3	1	135191 10361
41	145054	0.3	1	134691 10363
42	154033	0.3	1	142449 11584
43	153282	0.3	1	142473 10809
44	146464	0.3	1	136229 10235
45	197215	0.3	1	183679 13536
46	103190	0.3	1	96274 6916
47	130028	0.3	1	121499 8529
48	141071	0.3	1	131479 9592
49	136435	0.3	1	127399 9036
50	135491	0.3	1	126564 8927
51	135664	0.3	1	126650 9014
52	135823	0.3	1	126890 8933
53	135066	0.3	1	126058 9008
54	133885	0.3	1	124915 8970
55	138888	0.3	1	129323 9565
56	127955	0.3	1	119716 8239
57	128826	0.3	1	120987 7839
58	125587	0.3	1	117265 8322
59	117487	0.3	1	109771 7716
60	110957	0.3	1	103720 7237
61	104478	0.3	1	97826 6652
62	102718	0.3	1	96235 6483
63	111187	0.3	1	104032 7155
64	105569	0.3	1	99043 6526
65	99067	0.3	1	92825 6242
66	111171	0.3	1	104112 7059
67	98766	0.3	1	92784 5982
68	96747	0.3	1	90664 6083
69	96559	0.3	1	90137 6422
70	103444	0.3	1	95715 7729
71	189101	0.3	1	112107 76994
72	801899	0.3	1	745776 56123
73	186002	0.3	1	170395 15607
74	57242	0.3	1	50218 7024
75	25880	0.3	1	22578 3302
76	18730	0.3	1	16332 2398
77	16235	0.3	1	14579 1656
78	13508	0.3	1	12202 1306
79	12438	0.3	1	11247 1191
80	11511	0.3	1	10481 1030
81	11086	0.3	1	10051 1035
82	10063	0.3	1	9157 906
83	9581	0.3	1	8727 854
84	9056	0.3	1	8240 816
85	8451	0.3	1	7682 769
86	7919	0.3	1	7170 749
87	7231	0.3	1	6558 673
88	6901	0.3	1	6307 594
89	6286	0.3	1	5751 535
90	5518	0.3	1	5033 485
91	4697	0.3	1	4301 396
92	4019	0.3	1	3625 394
93	3649	0.3	1	3299 350
94	3226	0.3	1	2918 308
95	2884	0.3	1	2584 300
96	2698	0.3	1	2434 264
97	2403	0.3	1	2152 251
98	2182	0.3	1	1939 243
99	2042	0.3	1	1841 201
100	1784	0.3	1	1583 201
101	1576	0.3	1	1388 188
102	1277	0.3	1	1103 174
103	977	0.3	1	847 130
104	770	0.3	1	665 105
105	685	0.3	1	565 120
106	596	0.3	1	498 98
107	609	0.3	1	506 103
108	515	0.3	1	416 99
109	476	0.3	1	392 84
110	406	0.3	1	292 114
111	347	0.3	1	245 102
112	299	0.3	1	198 101
113	237	0.3	1	155 82
114	212	0.3	1	131 81
115	209	0.3	1	124 85
116	164	0.3	1	98 66
117	174	0.3	1	91 83
118	146	0.3	1	83 63
119	154	0.3	1	70 84
120	99	0.3	1	42 57
121	131	0.3	1	49 82
122	100	0.3	1	32 68
123	101	0.3	1	31 70
124	88	0.3	1	17 71
125	92	0.3	1	19 73
126	75	0.3	1	14 61
127	74	0.3	1	5 69
128	72	0.3	1	8 64
129	63	0.3	1	5 58
130	76	0.3	1	1 75
131	66	0.3	1	4 62
132	77	0.3	1	1 76
133	50	0.3	1	1 49
134	75	0.3	1	3 72
135	71	0.3	1	2 69
136	98	0.3	1	7 91
137	75	0.3	1	4 71
138	71	0.3	1	1 70
139	85	0.3	1	2 83
140	83	0.3	1	0 83
141	80	0.3	1	2 78
142	99	0.3	1	1 98
143	116	0.3	1	1 115
144	117	0.3	1	0 117
145	197	0.3	1	7 190
146	235	0.3	1	1 234
147	352	0.3	1	3 349
148	483	0.3	1	0 483
149	1369	0.3	1	0 1369
150	16671	0.3	1	1 16670

RUN STATISTICS FOR INPUT FILE: Nac_oxy_2_trimmed_1.fastq.gz
=============================================
23092623 sequences processed in total

