
SUMMARISING RUN PARAMETERS
==========================
Input filename: Nac_oxy_7_trimmed_2.fastq.gz
Trimming mode: paired-end
Trim Galore version: 0.6.10
Cutadapt version: 4.9
Python version: could not detect
Number of cores used for trimming: 8
Quality Phred score cutoff: 20
Quality encoding type selected: ASCII+33
Using Illumina adapter for trimming (count: 434374). Second best hit was Nextera (count: 14)
Adapter sequence: 'AGATCGGAAGAGC' (Illumina TruSeq, Sanger iPCR; auto-detected)
Maximum trimming error rate: 0.1 (default)
Minimum required adapter overlap (stringency): 1 bp
Minimum required sequence length for both reads before a sequence pair gets removed: 20 bp
Running FastQC on the data once trimming has completed
Running FastQC with the following extra arguments: -t 12
Output file will be GZIP compressed


This is cutadapt 4.9 with Python 3.12.8
Command line parameters: -j 8 -e 0.1 -q 20 -O 1 -a AGATCGGAAGAGC Nac_oxy_7_trimmed_2.fastq.gz
Processing single-end reads on 8 cores ...
Finished in 104.270 s (4.557 µs/read; 13.17 M reads/minute).

=== Summary ===

Total reads processed:              22,879,468
Reads with adapters:                15,591,665 (68.1%)
Reads written (passing filters):    22,879,468 (100.0%)

Total basepairs processed: 3,431,920,200 bp
Quality-trimmed:              97,327,733 bp (2.8%)
Total written (filtered):  2,818,775,862 bp (82.1%)

=== Adapter 1 ===

Sequence: AGATCGGAAGAGC; Type: regular 3'; Length: 13; Trimmed: 15591665 times

Minimum overlap: 1
No. of allowed errors:
1-9 bp: 0; 10-13 bp: 1

Bases preceding removed adapters:
  A: 12.5%
  C: 28.8%
  G: 46.9%
  T: 11.7%
  none/other: 0.1%

Overview of removed sequences
length	count	expect	max.err	error counts
1	2701549	5719867.0	0	2701549
2	922439	1429966.8	0	922439
3	376037	357491.7	0	376037
4	165731	89372.9	0	165731
5	137071	22343.2	0	137071
6	136966	5585.8	0	136966
7	128688	1396.5	0	128688
8	119724	349.1	0	119724
9	123259	87.3	0	122782 477
10	132761	21.8	1	119707 13054
11	129071	5.5	1	115912 13159
12	131962	1.4	1	117397 14565
13	150256	0.3	1	132031 18225
14	170378	0.3	1	148946 21432
15	118880	0.3	1	106519 12361
16	149549	0.3	1	132692 16857
17	125606	0.3	1	112636 12970
18	116593	0.3	1	105191 11402
19	137030	0.3	1	122536 14494
20	130647	0.3	1	116889 13758
21	127592	0.3	1	115297 12295
22	141095	0.3	1	126670 14425
23	150572	0.3	1	134903 15669
24	159402	0.3	1	141919 17483
25	130855	0.3	1	118488 12367
26	140851	0.3	1	127799 13052
27	136759	0.3	1	124332 12427
28	148898	0.3	1	135261 13637
29	139279	0.3	1	127117 12162
30	171446	0.3	1	155340 16106
31	125236	0.3	1	116032 9204
32	156151	0.3	1	142997 13154
33	141383	0.3	1	130688 10695
34	158021	0.3	1	144868 13153
35	147231	0.3	1	135108 12123
36	147373	0.3	1	135909 11464
37	146608	0.3	1	136066 10542
38	148559	0.3	1	137413 11146
39	147207	0.3	1	136756 10451
40	143391	0.3	1	133933 9458
41	152367	0.3	1	141608 10759
42	163425	0.3	1	151119 12306
43	145321	0.3	1	135914 9407
44	150211	0.3	1	139693 10518
45	154872	0.3	1	143818 11054
46	154088	0.3	1	143933 10155
47	158075	0.3	1	146978 11097
48	146617	0.3	1	137193 9424
49	154812	0.3	1	144496 10316
50	159869	0.3	1	149297 10572
51	152061	0.3	1	142490 9571
52	155203	0.3	1	145243 9960
53	173065	0.3	1	161280 11785
54	165329	0.3	1	154590 10739
55	139660	0.3	1	131572 8088
56	169558	0.3	1	158821 10737
57	160598	0.3	1	150473 10125
58	145718	0.3	1	136487 9231
59	138093	0.3	1	130015 8078
60	159014	0.3	1	149114 9900
61	132775	0.3	1	125368 7407
62	125736	0.3	1	118917 6819
63	165555	0.3	1	156627 8928
64	87881	0.3	1	83579 4302
65	118905	0.3	1	113265 5640
66	112118	0.3	1	106605 5513
67	129346	0.3	1	122390 6956
68	118769	0.3	1	112570 6199
69	121250	0.3	1	114879 6371
70	116507	0.3	1	110327 6180
71	122057	0.3	1	115733 6324
72	118953	0.3	1	113150 5803
73	119951	0.3	1	113819 6132
74	144955	0.3	1	137168 7787
75	179664	0.3	1	158966 20698
76	965328	0.3	1	929880 35448
77	153399	0.3	1	145921 7478
78	35690	0.3	1	33419 2271
79	18233	0.3	1	16943 1290
80	16064	0.3	1	14892 1172
81	15523	0.3	1	14484 1039
82	13956	0.3	1	13085 871
83	12557	0.3	1	11762 795
84	13051	0.3	1	12226 825
85	12158	0.3	1	11385 773
86	12514	0.3	1	11696 818
87	11053	0.3	1	10362 691
88	10656	0.3	1	9989 667
89	9391	0.3	1	8757 634
90	8050	0.3	1	7550 500
91	7366	0.3	1	6908 458
92	6096	0.3	1	5752 344
93	5599	0.3	1	5248 351
94	4727	0.3	1	4452 275
95	4127	0.3	1	3885 242
96	4020	0.3	1	3763 257
97	3529	0.3	1	3302 227
98	2936	0.3	1	2775 161
99	2763	0.3	1	2602 161
100	2422	0.3	1	2294 128
101	2243	0.3	1	2109 134
102	1589	0.3	1	1472 117
103	1312	0.3	1	1218 94
104	1008	0.3	1	942 66
105	884	0.3	1	795 89
106	825	0.3	1	761 64
107	759	0.3	1	690 69
108	743	0.3	1	687 56
109	697	0.3	1	644 53
110	513	0.3	1	460 53
111	378	0.3	1	352 26
112	297	0.3	1	254 43
113	286	0.3	1	241 45
114	227	0.3	1	174 53
115	173	0.3	1	140 33
116	157	0.3	1	144 13
117	162	0.3	1	119 43
118	145	0.3	1	106 39
119	101	0.3	1	81 20
120	103	0.3	1	80 23
121	99	0.3	1	68 31
122	94	0.3	1	69 25
123	70	0.3	1	46 24
124	67	0.3	1	39 28
125	33	0.3	1	21 12
126	43	0.3	1	19 24
127	33	0.3	1	11 22
128	37	0.3	1	17 20
129	37	0.3	1	21 16
130	40	0.3	1	20 20
131	38	0.3	1	13 25
132	44	0.3	1	20 24
133	35	0.3	1	11 24
134	32	0.3	1	12 20
135	37	0.3	1	6 31
136	29	0.3	1	9 20
137	19	0.3	1	4 15
138	29	0.3	1	4 25
139	31	0.3	1	0 31
140	23	0.3	1	3 20
141	22	0.3	1	0 22
142	12	0.3	1	1 11
143	19	0.3	1	2 17
144	17	0.3	1	1 16
145	25	0.3	1	2 23
146	18	0.3	1	0 18
147	57	0.3	1	0 57
148	41	0.3	1	1 40
149	99	0.3	1	0 99
150	2191	0.3	1	9 2182

RUN STATISTICS FOR INPUT FILE: Nac_oxy_7_trimmed_2.fastq.gz
=============================================
22879468 sequences processed in total

Total number of sequences analysed for the sequence pair length validation: 22879468

Number of sequence pairs removed because at least one read was shorter than the length cutoff (20 bp): 106235 (0.46%)
