
SUMMARISING RUN PARAMETERS
==========================
Input filename: Nac_Sal_8_trimmed_2.fastq.gz
Trimming mode: paired-end
Trim Galore version: 0.6.10
Cutadapt version: 4.9
Python version: could not detect
Number of cores used for trimming: 8
Quality Phred score cutoff: 20
Quality encoding type selected: ASCII+33
Using Illumina adapter for trimming (count: 303709). Second best hit was Nextera (count: 10)
Adapter sequence: 'AGATCGGAAGAGC' (Illumina TruSeq, Sanger iPCR; auto-detected)
Maximum trimming error rate: 0.1 (default)
Minimum required adapter overlap (stringency): 1 bp
Minimum required sequence length for both reads before a sequence pair gets removed: 20 bp
Running FastQC on the data once trimming has completed
Running FastQC with the following extra arguments: -t 12
Output file will be GZIP compressed


This is cutadapt 4.9 with Python 3.12.8
Command line parameters: -j 8 -e 0.1 -q 20 -O 1 -a AGATCGGAAGAGC Nac_Sal_8_trimmed_2.fastq.gz
Processing single-end reads on 8 cores ...
Finished in 116.563 s (4.450 µs/read; 13.48 M reads/minute).

=== Summary ===

Total reads processed:              26,193,820
Reads with adapters:                15,785,486 (60.3%)
Reads written (passing filters):    26,193,820 (100.0%)

Total basepairs processed: 3,929,073,000 bp
Quality-trimmed:             222,834,001 bp (5.7%)
Total written (filtered):  3,201,859,902 bp (81.5%)

=== Adapter 1 ===

Sequence: AGATCGGAAGAGC; Type: regular 3'; Length: 13; Trimmed: 15785486 times

Minimum overlap: 1
No. of allowed errors:
1-9 bp: 0; 10-13 bp: 1

Bases preceding removed adapters:
  A: 13.6%
  C: 32.8%
  G: 34.5%
  T: 11.1%
  none/other: 8.0%

Overview of removed sequences
length	count	expect	max.err	error counts
1	3381451	6548455.0	0	3381451
2	1104151	1637113.8	0	1104151
3	411474	409278.4	0	411474
4	171219	102319.6	0	171219
5	151072	25579.9	0	151072
6	143221	6395.0	0	143221
7	135761	1598.7	0	135761
8	123611	399.7	0	123611
9	123528	99.9	0	122919 609
10	135503	25.0	1	119237 16266
11	126127	6.2	1	110951 15176
12	132249	1.6	1	115024 17225
13	149868	0.4	1	128386 21482
14	178177	0.4	1	152157 26020
15	110449	0.4	1	97374 13075
16	147132	0.4	1	127956 19176
17	127932	0.4	1	112302 15630
18	106103	0.4	1	94163 11940
19	128719	0.4	1	112821 15898
20	121652	0.4	1	106882 14770
21	117951	0.4	1	104743 13208
22	131421	0.4	1	115400 16021
23	142483	0.4	1	125327 17156
24	140884	0.4	1	123061 17823
25	137762	0.4	1	121283 16479
26	136370	0.4	1	120290 16080
27	134604	0.4	1	119280 15324
28	146560	0.4	1	129791 16769
29	127010	0.4	1	113472 13538
30	162462	0.4	1	143734 18728
31	105865	0.4	1	96105 9760
32	139568	0.4	1	125692 13876
33	124097	0.4	1	112247 11850
34	143584	0.4	1	128699 14885
35	135815	0.4	1	122226 13589
36	153479	0.4	1	138011 15468
37	109735	0.4	1	100587 9148
38	143944	0.4	1	130710 13234
39	115574	0.4	1	105911 9663
40	118599	0.4	1	108985 9614
41	116574	0.4	1	107314 9260
42	124443	0.4	1	113948 10495
43	120619	0.4	1	110730 9889
44	121361	0.4	1	111107 10254
45	129771	0.4	1	117857 11914
46	129234	0.4	1	118386 10848
47	127149	0.4	1	116121 11028
48	116078	0.4	1	106857 9221
49	120056	0.4	1	109923 10133
50	124692	0.4	1	114286 10406
51	114443	0.4	1	105142 9301
52	119380	0.4	1	109484 9896
53	134722	0.4	1	123097 11625
54	126205	0.4	1	115728 10477
55	108676	0.4	1	100617 8059
56	128605	0.4	1	118373 10232
57	119632	0.4	1	110077 9555
58	107937	0.4	1	99417 8520
59	101232	0.4	1	93569 7663
60	114913	0.4	1	105692 9221
61	96956	0.4	1	89947 7009
62	93755	0.4	1	86783 6972
63	122450	0.4	1	113469 8981
64	62713	0.4	1	58357 4356
65	85486	0.4	1	79807 5679
66	80687	0.4	1	75303 5384
67	93039	0.4	1	86226 6813
68	88641	0.4	1	82150 6491
69	87051	0.4	1	80427 6624
70	84639	0.4	1	78133 6506
71	83037	0.4	1	76495 6542
72	81682	0.4	1	74940 6742
73	86028	0.4	1	76252 9776
74	113106	0.4	1	90210 22896
75	845133	0.4	1	108055 737078
76	849742	0.4	1	609269 240473
77	155724	0.4	1	95034 60690
78	46310	0.4	1	22486 23824
79	23386	0.4	1	11871 11515
80	18152	0.4	1	9849 8303
81	14772	0.4	1	9102 5670
82	12500	0.4	1	8506 3994
83	11722	0.4	1	7794 3928
84	11403	0.4	1	8056 3347
85	10761	0.4	1	7527 3234
86	10487	0.4	1	7544 2943
87	9156	0.4	1	6646 2510
88	8415	0.4	1	6268 2147
89	7064	0.4	1	5317 1747
90	6489	0.4	1	4840 1649
91	5465	0.4	1	4167 1298
92	4668	0.4	1	3522 1146
93	4422	0.4	1	3305 1117
94	3809	0.4	1	2859 950
95	3568	0.4	1	2539 1029
96	3287	0.4	1	2372 915
97	2871	0.4	1	2038 833
98	2532	0.4	1	1827 705
99	2264	0.4	1	1584 680
100	2041	0.4	1	1397 644
101	1953	0.4	1	1375 578
102	1534	0.4	1	1047 487
103	1331	0.4	1	893 438
104	1065	0.4	1	633 432
105	908	0.4	1	567 341
106	845	0.4	1	517 328
107	829	0.4	1	492 337
108	746	0.4	1	456 290
109	723	0.4	1	441 282
110	617	0.4	1	360 257
111	567	0.4	1	313 254
112	427	0.4	1	202 225
113	408	0.4	1	183 225
114	365	0.4	1	138 227
115	329	0.4	1	132 197
116	310	0.4	1	105 205
117	302	0.4	1	99 203
118	278	0.4	1	97 181
119	221	0.4	1	62 159
120	217	0.4	1	68 149
121	220	0.4	1	73 147
122	175	0.4	1	41 134
123	176	0.4	1	48 128
124	157	0.4	1	35 122
125	144	0.4	1	36 108
126	121	0.4	1	40 81
127	125	0.4	1	19 106
128	133	0.4	1	27 106
129	113	0.4	1	8 105
130	115	0.4	1	28 87
131	100	0.4	1	16 84
132	117	0.4	1	16 101
133	112	0.4	1	18 94
134	103	0.4	1	23 80
135	111	0.4	1	24 87
136	136	0.4	1	22 114
137	112	0.4	1	15 97
138	100	0.4	1	13 87
139	92	0.4	1	12 80
140	114	0.4	1	8 106
141	147	0.4	1	15 132
142	147	0.4	1	7 140
143	140	0.4	1	6 134
144	201	0.4	1	13 188
145	313	0.4	1	33 280
146	457	0.4	1	9 448
147	745	0.4	1	13 732
148	1102	0.4	1	34 1068
149	5706	0.4	1	296 5410
150	141676	0.4	1	1755 139921

RUN STATISTICS FOR INPUT FILE: Nac_Sal_8_trimmed_2.fastq.gz
=============================================
26193820 sequences processed in total

Total number of sequences analysed for the sequence pair length validation: 26193820

Number of sequence pairs removed because at least one read was shorter than the length cutoff (20 bp): 1440934 (5.50%)
