
SUMMARISING RUN PARAMETERS
==========================
Input filename: Nac_oxy_2_trimmed_2.fastq.gz
Trimming mode: paired-end
Trim Galore version: 0.6.10
Cutadapt version: 4.9
Python version: could not detect
Number of cores used for trimming: 8
Quality Phred score cutoff: 20
Quality encoding type selected: ASCII+33
Using Illumina adapter for trimming (count: 376943). Second best hit was Nextera (count: 14)
Adapter sequence: 'AGATCGGAAGAGC' (Illumina TruSeq, Sanger iPCR; auto-detected)
Maximum trimming error rate: 0.1 (default)
Minimum required adapter overlap (stringency): 1 bp
Minimum required sequence length for both reads before a sequence pair gets removed: 20 bp
Running FastQC on the data once trimming has completed
Running FastQC with the following extra arguments: -t 12
Output file will be GZIP compressed


This is cutadapt 4.9 with Python 3.12.8
Command line parameters: -j 8 -e 0.1 -q 20 -O 1 -a AGATCGGAAGAGC Nac_oxy_2_trimmed_2.fastq.gz
Processing single-end reads on 8 cores ...
Finished in 105.178 s (4.555 µs/read; 13.17 M reads/minute).

=== Summary ===

Total reads processed:              23,092,623
Reads with adapters:                15,391,766 (66.7%)
Reads written (passing filters):    23,092,623 (100.0%)

Total basepairs processed: 3,463,893,450 bp
Quality-trimmed:             150,030,633 bp (4.3%)
Total written (filtered):  2,874,665,447 bp (83.0%)

=== Adapter 1 ===

Sequence: AGATCGGAAGAGC; Type: regular 3'; Length: 13; Trimmed: 15391766 times

Minimum overlap: 1
No. of allowed errors:
1-9 bp: 0; 10-13 bp: 1

Bases preceding removed adapters:
  A: 18.6%
  C: 34.5%
  G: 34.9%
  T: 11.2%
  none/other: 0.8%

Overview of removed sequences
length	count	expect	max.err	error counts
1	3334559	5773155.8	0	3334559
2	961809	1443288.9	0	961809
3	372887	360822.2	0	372887
4	175152	90205.6	0	175152
5	153752	22551.4	0	153752
6	153714	5637.8	0	153714
7	146027	1409.5	0	146027
8	133130	352.4	0	133130
9	133523	88.1	0	132978 545
10	150654	22.0	1	131376 19278
11	141839	5.5	1	123502 18337
12	149714	1.4	1	129131 20583
13	167984	0.3	1	143489 24495
14	199373	0.3	1	169664 29709
15	134124	0.3	1	117131 16993
16	168360	0.3	1	145580 22780
17	145574	0.3	1	126737 18837
18	127201	0.3	1	111770 15431
19	147884	0.3	1	128623 19261
20	137795	0.3	1	120009 17786
21	134688	0.3	1	118362 16326
22	151954	0.3	1	132602 19352
23	164997	0.3	1	143686 21311
24	179842	0.3	1	155522 24320
25	148024	0.3	1	130540 17484
26	158872	0.3	1	139910 18962
27	152076	0.3	1	134226 17850
28	163896	0.3	1	144367 19529
29	142543	0.3	1	126436 16107
30	178551	0.3	1	157082 21469
31	124790	0.3	1	112438 12352
32	157776	0.3	1	140739 17037
33	145246	0.3	1	130634 14612
34	164080	0.3	1	146107 17973
35	149877	0.3	1	134095 15782
36	153096	0.3	1	137437 15659
37	147442	0.3	1	133180 14262
38	150474	0.3	1	135509 14965
39	141409	0.3	1	127950 13459
40	135025	0.3	1	122756 12269
41	141223	0.3	1	127874 13349
42	153779	0.3	1	138449 15330
43	135564	0.3	1	123617 11947
44	142936	0.3	1	129593 13343
45	146986	0.3	1	132868 14118
46	143037	0.3	1	130557 12480
47	146555	0.3	1	133021 13534
48	134548	0.3	1	123015 11533
49	134467	0.3	1	122566 11901
50	139705	0.3	1	127090 12615
51	128755	0.3	1	117827 10928
52	131830	0.3	1	120129 11701
53	148170	0.3	1	134707 13463
54	143251	0.3	1	130294 12957
55	117952	0.3	1	108379 9573
56	142752	0.3	1	130398 12354
57	133907	0.3	1	122539 11368
58	118654	0.3	1	108205 10449
59	110807	0.3	1	101532 9275
60	123656	0.3	1	112908 10748
61	103650	0.3	1	95401 8249
62	95348	0.3	1	87711 7637
63	129291	0.3	1	119161 10130
64	66021	0.3	1	61182 4839
65	90341	0.3	1	83775 6566
66	85891	0.3	1	79498 6393
67	95989	0.3	1	88638 7351
68	89899	0.3	1	83188 6711
69	89610	0.3	1	82833 6777
70	84844	0.3	1	78483 6361
71	85281	0.3	1	78650 6631
72	82881	0.3	1	76603 6278
73	82943	0.3	1	76616 6327
74	97428	0.3	1	88537 8891
75	182318	0.3	1	104721 77597
76	646492	0.3	1	588109 58383
77	106016	0.3	1	93413 12603
78	26584	0.3	1	22435 4149
79	13572	0.3	1	11412 2160
80	11307	0.3	1	9689 1618
81	10399	0.3	1	9021 1378
82	9184	0.3	1	8120 1064
83	8390	0.3	1	7396 994
84	8543	0.3	1	7572 971
85	8053	0.3	1	7105 948
86	7929	0.3	1	7088 841
87	6892	0.3	1	6118 774
88	6670	0.3	1	5965 705
89	5687	0.3	1	5107 580
90	5066	0.3	1	4574 492
91	4349	0.3	1	3927 422
92	3564	0.3	1	3194 370
93	3417	0.3	1	3084 333
94	2976	0.3	1	2654 322
95	2631	0.3	1	2355 276
96	2484	0.3	1	2206 278
97	2220	0.3	1	1988 232
98	1871	0.3	1	1643 228
99	1741	0.3	1	1529 212
100	1537	0.3	1	1360 177
101	1478	0.3	1	1316 162
102	1148	0.3	1	978 170
103	948	0.3	1	808 140
104	735	0.3	1	619 116
105	654	0.3	1	545 109
106	610	0.3	1	518 92
107	539	0.3	1	453 86
108	513	0.3	1	428 85
109	471	0.3	1	395 76
110	423	0.3	1	338 85
111	341	0.3	1	272 69
112	249	0.3	1	191 58
113	193	0.3	1	141 52
114	174	0.3	1	123 51
115	170	0.3	1	99 71
116	142	0.3	1	83 59
117	134	0.3	1	86 48
118	116	0.3	1	64 52
119	108	0.3	1	56 52
120	87	0.3	1	49 38
121	80	0.3	1	39 41
122	81	0.3	1	34 47
123	73	0.3	1	35 38
124	55	0.3	1	24 31
125	58	0.3	1	16 42
126	46	0.3	1	19 27
127	39	0.3	1	6 33
128	47	0.3	1	11 36
129	36	0.3	1	6 30
130	43	0.3	1	2 41
131	41	0.3	1	6 35
132	35	0.3	1	9 26
133	27	0.3	1	2 25
134	32	0.3	1	3 29
135	22	0.3	1	2 20
136	24	0.3	1	5 19
137	30	0.3	1	2 28
138	28	0.3	1	3 25
139	15	0.3	1	1 14
140	16	0.3	1	1 15
141	25	0.3	1	0 25
142	29	0.3	1	0 29
143	19	0.3	1	1 18
144	29	0.3	1	0 29
145	46	0.3	1	1 45
146	48	0.3	1	0 48
147	104	0.3	1	1 103
148	93	0.3	1	0 93
149	544	0.3	1	0 544
150	13212	0.3	1	4 13208

RUN STATISTICS FOR INPUT FILE: Nac_oxy_2_trimmed_2.fastq.gz
=============================================
23092623 sequences processed in total

Total number of sequences analysed for the sequence pair length validation: 23092623

Number of sequence pairs removed because at least one read was shorter than the length cutoff (20 bp): 220185 (0.95%)
