
SUMMARISING RUN PARAMETERS
==========================
Input filename: Nac_Sal_1_trimmed_2.fastq.gz
Trimming mode: paired-end
Trim Galore version: 0.6.10
Cutadapt version: 4.9
Python version: could not detect
Number of cores used for trimming: 8
Quality Phred score cutoff: 20
Quality encoding type selected: ASCII+33
Using Illumina adapter for trimming (count: 325757). Second best hit was Nextera (count: 17)
Adapter sequence: 'AGATCGGAAGAGC' (Illumina TruSeq, Sanger iPCR; auto-detected)
Maximum trimming error rate: 0.1 (default)
Minimum required adapter overlap (stringency): 1 bp
Minimum required sequence length for both reads before a sequence pair gets removed: 20 bp
Running FastQC on the data once trimming has completed
Running FastQC with the following extra arguments: -t 12
Output file will be GZIP compressed


This is cutadapt 4.9 with Python 3.12.8
Command line parameters: -j 8 -e 0.1 -q 20 -O 1 -a AGATCGGAAGAGC Nac_Sal_1_trimmed_2.fastq.gz
Processing single-end reads on 8 cores ...
Finished in 115.620 s (5.011 µs/read; 11.97 M reads/minute).

=== Summary ===

Total reads processed:              23,075,215
Reads with adapters:                14,628,967 (63.4%)
Reads written (passing filters):    23,075,215 (100.0%)

Total basepairs processed: 3,461,282,250 bp
Quality-trimmed:              81,736,075 bp (2.4%)
Total written (filtered):  3,067,594,309 bp (88.6%)

=== Adapter 1 ===

Sequence: AGATCGGAAGAGC; Type: regular 3'; Length: 13; Trimmed: 14628967 times

Minimum overlap: 1
No. of allowed errors:
1-9 bp: 0; 10-13 bp: 1

Bases preceding removed adapters:
  A: 15.0%
  C: 36.2%
  G: 36.1%
  T: 12.7%
  none/other: 0.1%

Overview of removed sequences
length	count	expect	max.err	error counts
1	3231151	5768803.8	0	3231151
2	1087430	1442200.9	0	1087430
3	453188	360550.2	0	453188
4	216111	90137.6	0	216111
5	177489	22534.4	0	177489
6	178073	5633.6	0	178073
7	167586	1408.4	0	167586
8	160335	352.1	0	160335
9	166735	88.0	0	165979 756
10	184862	22.0	1	160282 24580
11	180957	5.5	1	157353 23604
12	187451	1.4	1	161488 25963
13	203059	0.3	1	174052 29007
14	238627	0.3	1	203503 35124
15	169225	0.3	1	147336 21889
16	205335	0.3	1	177367 27968
17	190742	0.3	1	165934 24808
18	160047	0.3	1	139808 20239
19	192794	0.3	1	167217 25577
20	177503	0.3	1	154051 23452
21	180163	0.3	1	157386 22777
22	197558	0.3	1	171313 26245
23	211684	0.3	1	183758 27926
24	230775	0.3	1	198448 32327
25	187332	0.3	1	163790 23542
26	196677	0.3	1	172217 24460
27	188710	0.3	1	165037 23673
28	212599	0.3	1	185789 26810
29	185275	0.3	1	163660 21615
30	244623	0.3	1	213548 31075
31	154254	0.3	1	137673 16581
32	223399	0.3	1	198289 25110
33	191736	0.3	1	167617 24119
34	189464	0.3	1	166396 23068
35	193132	0.3	1	170589 22543
36	179475	0.3	1	158962 20513
37	184687	0.3	1	163325 21362
38	170416	0.3	1	151858 18558
39	164081	0.3	1	146417 17664
40	160226	0.3	1	143265 16961
41	158887	0.3	1	141983 16904
42	158730	0.3	1	141220 17510
43	150320	0.3	1	134211 16109
44	148533	0.3	1	132140 16393
45	146913	0.3	1	131316 15597
46	143219	0.3	1	127983 15236
47	136178	0.3	1	121977 14201
48	126347	0.3	1	113412 12935
49	123782	0.3	1	110744 13038
50	116814	0.3	1	104749 12065
51	111476	0.3	1	99750 11726
52	103884	0.3	1	93069 10815
53	108316	0.3	1	96752 11564
54	98014	0.3	1	87692 10322
55	85003	0.3	1	76527 8476
56	90623	0.3	1	81460 9163
57	80285	0.3	1	71667 8618
58	71851	0.3	1	64360 7491
59	61566	0.3	1	55343 6223
60	63951	0.3	1	57371 6580
61	51071	0.3	1	46051 5020
62	45283	0.3	1	40913 4370
63	53784	0.3	1	48566 5218
64	31359	0.3	1	28364 2995
65	36997	0.3	1	33458 3539
66	33459	0.3	1	30105 3354
67	32728	0.3	1	29528 3200
68	29017	0.3	1	26239 2778
69	26098	0.3	1	23509 2589
70	23232	0.3	1	20876 2356
71	20900	0.3	1	18950 1950
72	19707	0.3	1	17712 1995
73	17931	0.3	1	16143 1788
74	16770	0.3	1	15084 1686
75	22656	0.3	1	15548 7108
76	77541	0.3	1	69531 8010
77	11224	0.3	1	9735 1489
78	3002	0.3	1	2538 464
79	1610	0.3	1	1354 256
80	1443	0.3	1	1212 231
81	1245	0.3	1	1068 177
82	1154	0.3	1	978 176
83	955	0.3	1	800 155
84	881	0.3	1	759 122
85	806	0.3	1	681 125
86	755	0.3	1	651 104
87	642	0.3	1	544 98
88	579	0.3	1	468 111
89	487	0.3	1	390 97
90	457	0.3	1	389 68
91	391	0.3	1	306 85
92	328	0.3	1	258 70
93	288	0.3	1	226 62
94	280	0.3	1	215 65
95	235	0.3	1	182 53
96	212	0.3	1	137 75
97	189	0.3	1	147 42
98	145	0.3	1	102 43
99	146	0.3	1	98 48
100	152	0.3	1	97 55
101	139	0.3	1	103 36
102	97	0.3	1	62 35
103	105	0.3	1	66 39
104	108	0.3	1	61 47
105	78	0.3	1	50 28
106	84	0.3	1	50 34
107	76	0.3	1	47 29
108	63	0.3	1	29 34
109	61	0.3	1	30 31
110	64	0.3	1	28 36
111	64	0.3	1	33 31
112	42	0.3	1	24 18
113	46	0.3	1	22 24
114	63	0.3	1	20 43
115	39	0.3	1	12 27
116	40	0.3	1	14 26
117	51	0.3	1	5 46
118	40	0.3	1	7 33
119	26	0.3	1	11 15
120	31	0.3	1	10 21
121	30	0.3	1	9 21
122	32	0.3	1	7 25
123	37	0.3	1	7 30
124	46	0.3	1	16 30
125	44	0.3	1	9 35
126	37	0.3	1	9 28
127	39	0.3	1	6 33
128	34	0.3	1	1 33
129	46	0.3	1	6 40
130	30	0.3	1	3 27
131	50	0.3	1	8 42
132	31	0.3	1	8 23
133	20	0.3	1	3 17
134	15	0.3	1	0 15
135	19	0.3	1	4 15
136	31	0.3	1	1 30
137	14	0.3	1	3 11
138	16	0.3	1	1 15
139	9	0.3	1	0 9
140	12	0.3	1	0 12
141	44	0.3	1	1 43
142	15	0.3	1	1 14
143	10	0.3	1	0 10
144	11	0.3	1	0 11
145	16	0.3	1	1 15
146	11	0.3	1	1 10
147	45	0.3	1	0 45
148	38	0.3	1	4 34
149	53	0.3	1	0 53
150	1018	0.3	1	0 1018

RUN STATISTICS FOR INPUT FILE: Nac_Sal_1_trimmed_2.fastq.gz
=============================================
23075215 sequences processed in total

Total number of sequences analysed for the sequence pair length validation: 23075215

Number of sequence pairs removed because at least one read was shorter than the length cutoff (20 bp): 156765 (0.68%)
