
SUMMARISING RUN PARAMETERS
==========================
Input filename: Nac_Sal_1_trimmed_1.fastq.gz
Trimming mode: paired-end
Trim Galore version: 0.6.10
Cutadapt version: 4.9
Python version: could not detect
Number of cores used for trimming: 8
Quality Phred score cutoff: 20
Quality encoding type selected: ASCII+33
Using Illumina adapter for trimming (count: 325757). Second best hit was Nextera (count: 17)
Adapter sequence: 'AGATCGGAAGAGC' (Illumina TruSeq, Sanger iPCR; auto-detected)
Maximum trimming error rate: 0.1 (default)
Minimum required adapter overlap (stringency): 1 bp
Minimum required sequence length for both reads before a sequence pair gets removed: 20 bp
Running FastQC on the data once trimming has completed
Running FastQC with the following extra arguments: -t 12
Output file will be GZIP compressed


This is cutadapt 4.9 with Python 3.12.8
Command line parameters: -j 8 -e 0.1 -q 20 -O 1 -a AGATCGGAAGAGC Nac_Sal_1_trimmed_1.fastq.gz
Processing single-end reads on 8 cores ...
Finished in 108.773 s (4.714 µs/read; 12.73 M reads/minute).

=== Summary ===

Total reads processed:              23,075,215
Reads with adapters:                14,847,288 (64.3%)
Reads written (passing filters):    23,075,215 (100.0%)

Total basepairs processed: 3,461,282,250 bp
Quality-trimmed:              14,922,229 bp (0.4%)
Total written (filtered):  3,125,354,301 bp (90.3%)

=== Adapter 1 ===

Sequence: AGATCGGAAGAGC; Type: regular 3'; Length: 13; Trimmed: 14847288 times

Minimum overlap: 1
No. of allowed errors:
1-9 bp: 0; 10-13 bp: 1

Bases preceding removed adapters:
  A: 15.9%
  C: 34.0%
  G: 29.5%
  T: 20.5%
  none/other: 0.1%

Overview of removed sequences
length	count	expect	max.err	error counts
1	3164936	5768803.8	0	3164936
2	1046380	1442200.9	0	1046380
3	448872	360550.2	0	448872
4	223194	90137.6	0	223194
5	182081	22534.4	0	182081
6	176097	5633.6	0	176097
7	178644	1408.4	0	178644
8	171416	352.1	0	171416
9	171820	88.0	0	171465 355
10	192858	22.0	1	175410 17448
11	187957	5.5	1	171451 16506
12	193120	1.4	1	174768 18352
13	197547	0.3	1	178947 18600
14	198200	0.3	1	179379 18821
15	200039	0.3	1	181029 19010
16	198407	0.3	1	179334 19073
17	200749	0.3	1	180976 19773
18	207839	0.3	1	188039 19800
19	196190	0.3	1	177510 18680
20	198867	0.3	1	180709 18158
21	200560	0.3	1	182331 18229
22	212309	0.3	1	192426 19883
23	206598	0.3	1	188294 18304
24	210091	0.3	1	190613 19478
25	209902	0.3	1	191023 18879
26	206684	0.3	1	188447 18237
27	202365	0.3	1	184138 18227
28	207352	0.3	1	189118 18234
29	199665	0.3	1	181676 17989
30	201842	0.3	1	182997 18845
31	203397	0.3	1	185225 18172
32	219041	0.3	1	201581 17460
33	212764	0.3	1	190816 21948
34	207478	0.3	1	188140 19338
35	197489	0.3	1	179524 17965
36	189807	0.3	1	173095 16712
37	184357	0.3	1	168090 16267
38	176373	0.3	1	160837 15536
39	174731	0.3	1	159159 15572
40	170881	0.3	1	155746 15135
41	168233	0.3	1	153483 14750
42	167960	0.3	1	152673 15287
43	162841	0.3	1	148857 13984
44	150246	0.3	1	137621 12625
45	190722	0.3	1	174522 16200
46	106290	0.3	1	97935 8355
47	126354	0.3	1	116046 10308
48	129063	0.3	1	118265 10798
49	124141	0.3	1	113942 10199
50	116877	0.3	1	107088 9789
51	115073	0.3	1	105699 9374
52	107238	0.3	1	98522 8716
53	102116	0.3	1	93826 8290
54	96731	0.3	1	88731 8000
55	95087	0.3	1	86940 8147
56	84272	0.3	1	77532 6740
57	80060	0.3	1	73885 6175
58	74759	0.3	1	68671 6088
59	65423	0.3	1	60069 5354
60	58840	0.3	1	54019 4821
61	52739	0.3	1	48566 4173
62	49484	0.3	1	45518 3966
63	49150	0.3	1	45299 3851
64	45007	0.3	1	41550 3457
65	38950	0.3	1	35896 3054
66	39597	0.3	1	36463 3134
67	33283	0.3	1	30817 2466
68	29855	0.3	1	27653 2202
69	27515	0.3	1	25244 2271
70	26039	0.3	1	24040 1999
71	31380	0.3	1	24138 7242
72	112668	0.3	1	103598 9070
73	23707	0.3	1	21581 2126
74	7772	0.3	1	6903 869
75	3967	0.3	1	3490 477
76	2888	0.3	1	2536 352
77	2446	0.3	1	2189 257
78	2039	0.3	1	1810 229
79	1806	0.3	1	1591 215
80	1631	0.3	1	1462 169
81	1372	0.3	1	1218 154
82	1322	0.3	1	1185 137
83	1151	0.3	1	1015 136
84	946	0.3	1	837 109
85	830	0.3	1	743 87
86	775	0.3	1	667 108
87	619	0.3	1	559 60
88	553	0.3	1	498 55
89	474	0.3	1	425 49
90	454	0.3	1	390 64
91	386	0.3	1	331 55
92	327	0.3	1	282 45
93	275	0.3	1	230 45
94	313	0.3	1	232 81
95	231	0.3	1	179 52
96	200	0.3	1	164 36
97	181	0.3	1	140 41
98	173	0.3	1	137 36
99	145	0.3	1	112 33
100	127	0.3	1	104 23
101	145	0.3	1	104 41
102	97	0.3	1	76 21
103	85	0.3	1	66 19
104	75	0.3	1	57 18
105	67	0.3	1	35 32
106	74	0.3	1	40 34
107	67	0.3	1	40 27
108	45	0.3	1	34 11
109	58	0.3	1	38 20
110	71	0.3	1	26 45
111	51	0.3	1	22 29
112	29	0.3	1	18 11
113	51	0.3	1	14 37
114	64	0.3	1	19 45
115	32	0.3	1	16 16
116	33	0.3	1	11 22
117	33	0.3	1	11 22
118	21	0.3	1	8 13
119	21	0.3	1	9 12
120	28	0.3	1	2 26
121	19	0.3	1	5 14
122	43	0.3	1	10 33
123	45	0.3	1	6 39
124	33	0.3	1	9 24
125	28	0.3	1	10 18
126	25	0.3	1	4 21
127	24	0.3	1	2 22
128	28	0.3	1	6 22
129	39	0.3	1	1 38
130	36	0.3	1	2 34
131	30	0.3	1	3 27
132	20	0.3	1	5 15
133	7	0.3	1	2 5
134	7	0.3	1	0 7
135	14	0.3	1	1 13
136	15	0.3	1	1 14
137	14	0.3	1	1 13
138	45	0.3	1	0 45
139	10	0.3	1	0 10
140	17	0.3	1	1 16
141	16	0.3	1	1 15
142	22	0.3	1	0 22
143	16	0.3	1	2 14
144	24	0.3	1	0 24
145	45	0.3	1	1 44
146	37	0.3	1	0 37
147	48	0.3	1	4 44
148	77	0.3	1	0 77
149	103	0.3	1	0 103
150	1252	0.3	1	0 1252

RUN STATISTICS FOR INPUT FILE: Nac_Sal_1_trimmed_1.fastq.gz
=============================================
23075215 sequences processed in total

