
SUMMARISING RUN PARAMETERS
==========================
Input filename: Nac_oxy_5_trimmed_1.fastq.gz
Trimming mode: paired-end
Trim Galore version: 0.6.10
Cutadapt version: 4.9
Python version: could not detect
Number of cores used for trimming: 8
Quality Phred score cutoff: 20
Quality encoding type selected: ASCII+33
Using Illumina adapter for trimming (count: 247494). Second best hit was smallRNA (count: 9)
Adapter sequence: 'AGATCGGAAGAGC' (Illumina TruSeq, Sanger iPCR; auto-detected)
Maximum trimming error rate: 0.1 (default)
Minimum required adapter overlap (stringency): 1 bp
Minimum required sequence length for both reads before a sequence pair gets removed: 20 bp
Running FastQC on the data once trimming has completed
Running FastQC with the following extra arguments: -t 12
Output file will be GZIP compressed


This is cutadapt 4.9 with Python 3.12.8
Command line parameters: -j 8 -e 0.1 -q 20 -O 1 -a AGATCGGAAGAGC Nac_oxy_5_trimmed_1.fastq.gz
Processing single-end reads on 8 cores ...
Finished in 96.024 s (3.986 µs/read; 15.05 M reads/minute).

=== Summary ===

Total reads processed:              24,089,362
Reads with adapters:                12,763,616 (53.0%)
Reads written (passing filters):    24,089,362 (100.0%)

Total basepairs processed: 3,613,404,300 bp
Quality-trimmed:              21,361,786 bp (0.6%)
Total written (filtered):  3,286,500,331 bp (91.0%)

=== Adapter 1 ===

Sequence: AGATCGGAAGAGC; Type: regular 3'; Length: 13; Trimmed: 12763616 times

Minimum overlap: 1
No. of allowed errors:
1-9 bp: 0; 10-13 bp: 1

Bases preceding removed adapters:
  A: 17.4%
  C: 30.5%
  G: 36.8%
  T: 15.1%
  none/other: 0.2%

Overview of removed sequences
length	count	expect	max.err	error counts
1	3446259	6022340.5	0	3446259
2	1215051	1505585.1	0	1215051
3	425640	376396.3	0	425640
4	169403	94099.1	0	169403
5	129950	23524.8	0	129950
6	123112	5881.2	0	123112
7	120599	1470.3	0	120599
8	117332	367.6	0	117332
9	117795	91.9	0	117396 399
10	124862	23.0	1	118238 6624
11	114726	5.7	1	108782 5944
12	118530	1.4	1	111437 7093
13	118378	0.4	1	111191 7187
14	117208	0.4	1	110128 7080
15	118292	0.4	1	111339 6953
16	115307	0.4	1	108460 6847
17	115686	0.4	1	108454 7232
18	118152	0.4	1	110532 7620
19	107594	0.4	1	101575 6019
20	110449	0.4	1	104132 6317
21	110993	0.4	1	104680 6313
22	110745	0.4	1	104103 6642
23	109801	0.4	1	103344 6457
24	106323	0.4	1	100031 6292
25	107548	0.4	1	101067 6481
26	106514	0.4	1	100412 6102
27	104660	0.4	1	98594 6066
28	107655	0.4	1	101281 6374
29	105035	0.4	1	99053 5982
30	107318	0.4	1	101014 6304
31	107109	0.4	1	100980 6129
32	108481	0.4	1	102675 5806
33	107951	0.4	1	101861 6090
34	107547	0.4	1	101310 6237
35	101943	0.4	1	96015 5928
36	98483	0.4	1	93140 5343
37	102295	0.4	1	96734 5561
38	95719	0.4	1	90168 5551
39	100538	0.4	1	94816 5722
40	100020	0.4	1	94225 5795
41	103126	0.4	1	96954 6172
42	98521	0.4	1	92844 5677
43	98051	0.4	1	92535 5516
44	93510	0.4	1	88495 5015
45	122636	0.4	1	116146 6490
46	67665	0.4	1	64258 3407
47	82913	0.4	1	78837 4076
48	87550	0.4	1	82993 4557
49	91037	0.4	1	86297 4740
50	92528	0.4	1	87671 4857
51	94279	0.4	1	89428 4851
52	92611	0.4	1	87774 4837
53	90412	0.4	1	85623 4789
54	90716	0.4	1	86175 4541
55	96716	0.4	1	91635 5081
56	85416	0.4	1	81202 4214
57	83457	0.4	1	79603 3854
58	84647	0.4	1	80613 4034
59	83814	0.4	1	79843 3971
60	77660	0.4	1	73943 3717
61	74728	0.4	1	71227 3501
62	76626	0.4	1	73035 3591
63	78939	0.4	1	75149 3790
64	76088	0.4	1	72609 3479
65	71369	0.4	1	68103 3266
66	78791	0.4	1	74938 3853
67	68395	0.4	1	65191 3204
68	68267	0.4	1	65073 3194
69	71351	0.4	1	67906 3445
70	74590	0.4	1	70742 3848
71	102786	0.4	1	83133 19653
72	535993	0.4	1	514053 21940
73	127091	0.4	1	120583 6508
74	39018	0.4	1	36425 2593
75	18320	0.4	1	17066 1254
76	12438	0.4	1	11501 937
77	10724	0.4	1	9984 740
78	9627	0.4	1	9014 613
79	8639	0.4	1	8069 570
80	7997	0.4	1	7497 500
81	7878	0.4	1	7407 471
82	7389	0.4	1	6935 454
83	6609	0.4	1	6194 415
84	5864	0.4	1	5507 357
85	5698	0.4	1	5320 378
86	5420	0.4	1	5078 342
87	4796	0.4	1	4478 318
88	4463	0.4	1	4185 278
89	3990	0.4	1	3756 234
90	3516	0.4	1	3275 241
91	3052	0.4	1	2839 213
92	2556	0.4	1	2385 171
93	2134	0.4	1	1972 162
94	1884	0.4	1	1736 148
95	1647	0.4	1	1505 142
96	1526	0.4	1	1417 109
97	1352	0.4	1	1236 116
98	1273	0.4	1	1184 89
99	1105	0.4	1	1024 81
100	975	0.4	1	897 78
101	836	0.4	1	740 96
102	646	0.4	1	580 66
103	510	0.4	1	460 50
104	480	0.4	1	424 56
105	364	0.4	1	309 55
106	346	0.4	1	290 56
107	275	0.4	1	241 34
108	271	0.4	1	237 34
109	231	0.4	1	199 32
110	242	0.4	1	197 45
111	188	0.4	1	143 45
112	153	0.4	1	117 36
113	132	0.4	1	89 43
114	94	0.4	1	65 29
115	137	0.4	1	85 52
116	78	0.4	1	61 17
117	92	0.4	1	67 25
118	75	0.4	1	50 25
119	56	0.4	1	35 21
120	63	0.4	1	35 28
121	51	0.4	1	30 21
122	73	0.4	1	43 30
123	44	0.4	1	21 23
124	41	0.4	1	19 22
125	33	0.4	1	18 15
126	35	0.4	1	4 31
127	56	0.4	1	17 39
128	37	0.4	1	12 25
129	46	0.4	1	19 27
130	32	0.4	1	5 27
131	38	0.4	1	8 30
132	37	0.4	1	9 28
133	37	0.4	1	16 21
134	29	0.4	1	10 19
135	42	0.4	1	13 29
136	52	0.4	1	14 38
137	46	0.4	1	10 36
138	30	0.4	1	4 26
139	32	0.4	1	5 27
140	32	0.4	1	6 26
141	31	0.4	1	4 27
142	26	0.4	1	1 25
143	28	0.4	1	2 26
144	35	0.4	1	1 34
145	74	0.4	1	10 64
146	52	0.4	1	0 52
147	95	0.4	1	5 90
148	96	0.4	1	3 93
149	295	0.4	1	1 294
150	3620	0.4	1	7 3613

RUN STATISTICS FOR INPUT FILE: Nac_oxy_5_trimmed_1.fastq.gz
=============================================
24089362 sequences processed in total

