
SUMMARISING RUN PARAMETERS
==========================
Input filename: Nac_Sal_7_trimmed_1.fastq.gz
Trimming mode: paired-end
Trim Galore version: 0.6.10
Cutadapt version: 4.9
Python version: could not detect
Number of cores used for trimming: 8
Quality Phred score cutoff: 20
Quality encoding type selected: ASCII+33
Using Illumina adapter for trimming (count: 293107). Second best hit was Nextera (count: 3)
Adapter sequence: 'AGATCGGAAGAGC' (Illumina TruSeq, Sanger iPCR; auto-detected)
Maximum trimming error rate: 0.1 (default)
Minimum required adapter overlap (stringency): 1 bp
Minimum required sequence length for both reads before a sequence pair gets removed: 20 bp
Running FastQC on the data once trimming has completed
Running FastQC with the following extra arguments: -t 12
Output file will be GZIP compressed


This is cutadapt 4.9 with Python 3.12.8
Command line parameters: -j 8 -e 0.1 -q 20 -O 1 -a AGATCGGAAGAGC Nac_Sal_7_trimmed_1.fastq.gz
Processing single-end reads on 8 cores ...
Finished in 85.814 s (3.255 µs/read; 18.43 M reads/minute).

=== Summary ===

Total reads processed:              26,361,668
Reads with adapters:                14,411,920 (54.7%)
Reads written (passing filters):    26,361,668 (100.0%)

Total basepairs processed: 3,954,250,200 bp
Quality-trimmed:              26,782,336 bp (0.7%)
Total written (filtered):  3,515,261,090 bp (88.9%)

=== Adapter 1 ===

Sequence: AGATCGGAAGAGC; Type: regular 3'; Length: 13; Trimmed: 14411920 times

Minimum overlap: 1
No. of allowed errors:
1-9 bp: 0; 10-13 bp: 1

Bases preceding removed adapters:
  A: 15.8%
  C: 30.8%
  G: 38.9%
  T: 14.4%
  none/other: 0.1%

Overview of removed sequences
length	count	expect	max.err	error counts
1	3327266	6590417.0	0	3327266
2	1098159	1647604.2	0	1098159
3	389812	411901.1	0	389812
4	152098	102975.3	0	152098
5	130870	25743.8	0	130870
6	131416	6436.0	0	131416
7	126683	1609.0	0	126683
8	120315	402.2	0	120315
9	124288	100.6	0	123986 302
10	126422	25.1	1	120297 6125
11	120683	6.3	1	114814 5869
12	122113	1.6	1	115235 6878
13	121578	0.4	1	114722 6856
14	123153	0.4	1	116069 7084
15	133619	0.4	1	126140 7479
16	130700	0.4	1	123073 7627
17	129469	0.4	1	121735 7734
18	129399	0.4	1	121488 7911
19	122197	0.4	1	115810 6387
20	123443	0.4	1	116552 6891
21	133158	0.4	1	126250 6908
22	119547	0.4	1	112635 6912
23	127557	0.4	1	120889 6668
24	115874	0.4	1	109232 6642
25	115008	0.4	1	108398 6610
26	122690	0.4	1	116003 6687
27	118621	0.4	1	112087 6534
28	121677	0.4	1	114660 7017
29	125606	0.4	1	118802 6804
30	126317	0.4	1	119032 7285
31	124909	0.4	1	118232 6677
32	127933	0.4	1	121349 6584
33	134470	0.4	1	127379 7091
34	128005	0.4	1	121114 6891
35	117359	0.4	1	110917 6442
36	112906	0.4	1	107103 5803
37	125037	0.4	1	118818 6219
38	111302	0.4	1	105358 5944
39	118530	0.4	1	112268 6262
40	123774	0.4	1	117182 6592
41	126062	0.4	1	119131 6931
42	116917	0.4	1	110640 6277
43	118015	0.4	1	111780 6235
44	113383	0.4	1	107674 5709
45	157800	0.4	1	150063 7737
46	85433	0.4	1	81446 3987
47	101937	0.4	1	97263 4674
48	108181	0.4	1	102945 5236
49	112944	0.4	1	107664 5280
50	114039	0.4	1	108705 5334
51	117338	0.4	1	111729 5609
52	114789	0.4	1	109263 5526
53	115834	0.4	1	110351 5483
54	119392	0.4	1	113765 5627
55	131226	0.4	1	124842 6384
56	111830	0.4	1	106764 5066
57	105523	0.4	1	100923 4600
58	114851	0.4	1	109837 5014
59	120356	0.4	1	115280 5076
60	105684	0.4	1	100926 4758
61	102710	0.4	1	98321 4389
62	104902	0.4	1	100472 4430
63	108030	0.4	1	103350 4680
64	106767	0.4	1	102088 4679
65	104899	0.4	1	100604 4295
66	117459	0.4	1	112254 5205
67	95455	0.4	1	91252 4203
68	95860	0.4	1	91706 4154
69	101831	0.4	1	97293 4538
70	108872	0.4	1	103622 5250
71	148136	0.4	1	129085 19051
72	930185	0.4	1	899577 30608
73	218811	0.4	1	209770 9041
74	65521	0.4	1	62238 3283
75	29475	0.4	1	27819 1656
76	19390	0.4	1	18143 1247
77	17094	0.4	1	16160 934
78	15341	0.4	1	14441 900
79	14445	0.4	1	13635 810
80	12834	0.4	1	12137 697
81	12973	0.4	1	12299 674
82	12938	0.4	1	12311 627
83	11364	0.4	1	10755 609
84	10522	0.4	1	9980 542
85	10084	0.4	1	9561 523
86	9814	0.4	1	9275 539
87	9270	0.4	1	8798 472
88	8496	0.4	1	8069 427
89	7724	0.4	1	7351 373
90	7322	0.4	1	6906 416
91	6187	0.4	1	5846 341
92	5166	0.4	1	4890 276
93	4411	0.4	1	4140 271
94	3742	0.4	1	3545 197
95	3287	0.4	1	3098 189
96	3081	0.4	1	2918 163
97	2736	0.4	1	2596 140
98	2499	0.4	1	2366 133
99	2210	0.4	1	2092 118
100	1832	0.4	1	1703 129
101	1587	0.4	1	1484 103
102	1305	0.4	1	1224 81
103	976	0.4	1	900 76
104	765	0.4	1	711 54
105	613	0.4	1	569 44
106	554	0.4	1	510 44
107	475	0.4	1	430 45
108	485	0.4	1	443 42
109	433	0.4	1	386 47
110	310	0.4	1	272 38
111	271	0.4	1	229 42
112	220	0.4	1	186 34
113	192	0.4	1	157 35
114	172	0.4	1	151 21
115	131	0.4	1	98 33
116	129	0.4	1	105 24
117	109	0.4	1	94 15
118	81	0.4	1	66 15
119	69	0.4	1	52 17
120	62	0.4	1	43 19
121	57	0.4	1	47 10
122	51	0.4	1	39 12
123	48	0.4	1	27 21
124	38	0.4	1	19 19
125	29	0.4	1	8 21
126	44	0.4	1	18 26
127	42	0.4	1	17 25
128	30	0.4	1	11 19
129	31	0.4	1	13 18
130	28	0.4	1	11 17
131	40	0.4	1	8 32
132	42	0.4	1	24 18
133	24	0.4	1	13 11
134	25	0.4	1	12 13
135	20	0.4	1	11 9
136	27	0.4	1	11 16
137	12	0.4	1	4 8
138	22	0.4	1	5 17
139	27	0.4	1	8 19
140	20	0.4	1	0 20
141	21	0.4	1	6 15
142	24	0.4	1	2 22
143	14	0.4	1	0 14
144	30	0.4	1	0 30
145	43	0.4	1	9 34
146	39	0.4	1	1 38
147	56	0.4	1	6 50
148	77	0.4	1	3 74
149	239	0.4	1	5 234
150	2609	0.4	1	9 2600

RUN STATISTICS FOR INPUT FILE: Nac_Sal_7_trimmed_1.fastq.gz
=============================================
26361668 sequences processed in total

