
SUMMARISING RUN PARAMETERS
==========================
Input filename: Nac_Sal_2_trimmed_1.fastq.gz
Trimming mode: paired-end
Trim Galore version: 0.6.10
Cutadapt version: 4.9
Python version: could not detect
Number of cores used for trimming: 8
Quality Phred score cutoff: 20
Quality encoding type selected: ASCII+33
Using Illumina adapter for trimming (count: 487273). Second best hit was smallRNA (count: 13)
Adapter sequence: 'AGATCGGAAGAGC' (Illumina TruSeq, Sanger iPCR; auto-detected)
Maximum trimming error rate: 0.1 (default)
Minimum required adapter overlap (stringency): 1 bp
Minimum required sequence length for both reads before a sequence pair gets removed: 20 bp
Running FastQC on the data once trimming has completed
Running FastQC with the following extra arguments: -t 12
Output file will be GZIP compressed


This is cutadapt 4.9 with Python 3.12.8
Command line parameters: -j 8 -e 0.1 -q 20 -O 1 -a AGATCGGAAGAGC Nac_Sal_2_trimmed_1.fastq.gz
Processing single-end reads on 8 cores ...
Finished in 89.738 s (3.339 µs/read; 17.97 M reads/minute).

=== Summary ===

Total reads processed:              26,877,663
Reads with adapters:                21,016,841 (78.2%)
Reads written (passing filters):    26,877,663 (100.0%)

Total basepairs processed: 4,031,649,450 bp
Quality-trimmed:             193,026,850 bp (4.8%)
Total written (filtered):  3,049,908,797 bp (75.6%)

=== Adapter 1 ===

Sequence: AGATCGGAAGAGC; Type: regular 3'; Length: 13; Trimmed: 21016841 times

Minimum overlap: 1
No. of allowed errors:
1-9 bp: 0; 10-13 bp: 1

Bases preceding removed adapters:
  A: 17.9%
  C: 36.0%
  G: 32.4%
  T: 13.2%
  none/other: 0.5%

Overview of removed sequences
length	count	expect	max.err	error counts
1	3659029	6719415.8	0	3659029
2	772377	1679853.9	0	772377
3	304273	419963.5	0	304273
4	136710	104990.9	0	136710
5	110230	26247.7	0	110230
6	106097	6561.9	0	106097
7	105607	1640.5	0	105607
8	104041	410.1	0	104041
9	100883	102.5	0	100356 527
10	116013	25.6	1	102734 13279
11	112157	6.4	1	99868 12289
12	120176	1.6	1	106341 13835
13	122955	0.4	1	109149 13806
14	128819	0.4	1	113661 15158
15	140449	0.4	1	124771 15678
16	141949	0.4	1	124520 17429
17	146563	0.4	1	129273 17290
18	161703	0.4	1	142069 19634
19	133909	0.4	1	118661 15248
20	144738	0.4	1	128806 15932
21	143775	0.4	1	128082 15693
22	155608	0.4	1	137564 18044
23	169977	0.4	1	152036 17941
24	170423	0.4	1	150482 19941
25	169506	0.4	1	149746 19760
26	171871	0.4	1	152272 19599
27	168212	0.4	1	148759 19453
28	172789	0.4	1	152852 19937
29	170846	0.4	1	151612 19234
30	173484	0.4	1	151662 21822
31	165656	0.4	1	145879 19777
32	170195	0.4	1	151002 19193
33	181390	0.4	1	159814 21576
34	197984	0.4	1	175496 22488
35	203129	0.4	1	179266 23863
36	217343	0.4	1	191632 25711
37	216704	0.4	1	191483 25221
38	221685	0.4	1	193163 28522
39	194458	0.4	1	170709 23749
40	207227	0.4	1	182804 24423
41	211961	0.4	1	187252 24709
42	239236	0.4	1	209520 29716
43	236735	0.4	1	207246 29489
44	231640	0.4	1	203303 28337
45	327424	0.4	1	290800 36624
46	170371	0.4	1	151952 18419
47	222070	0.4	1	197051 25019
48	267722	0.4	1	239985 27737
49	260433	0.4	1	231502 28931
50	234393	0.4	1	205757 28636
51	275106	0.4	1	244704 30402
52	272938	0.4	1	242476 30462
53	240582	0.4	1	211673 28909
54	252661	0.4	1	224192 28469
55	263460	0.4	1	230301 33159
56	238607	0.4	1	211921 26686
57	287721	0.4	1	258263 29458
58	285202	0.4	1	249620 35582
59	259027	0.4	1	228781 30246
60	238851	0.4	1	211396 27455
61	216683	0.4	1	191150 25533
62	204978	0.4	1	179854 25124
63	233092	0.4	1	205398 27694
64	233203	0.4	1	205521 27682
65	211265	0.4	1	185216 26049
66	252844	0.4	1	221991 30853
67	240405	0.4	1	213916 26489
68	215293	0.4	1	189224 26069
69	208528	0.4	1	182310 26218
70	226907	0.4	1	199828 27079
71	332505	0.4	1	239419 93086
72	1827825	0.4	1	1619708 208117
73	440959	0.4	1	385367 55592
74	134184	0.4	1	115644 18540
75	58062	0.4	1	49979 8083
76	42038	0.4	1	36161 5877
77	37593	0.4	1	32632 4961
78	30774	0.4	1	26776 3998
79	26611	0.4	1	23137 3474
80	25909	0.4	1	22513 3396
81	27159	0.4	1	23697 3462
82	25312	0.4	1	21873 3439
83	22908	0.4	1	19698 3210
84	20520	0.4	1	17790 2730
85	18060	0.4	1	15813 2247
86	17526	0.4	1	15351 2175
87	15583	0.4	1	13467 2116
88	14452	0.4	1	12602 1850
89	13259	0.4	1	11636 1623
90	11053	0.4	1	9639 1414
91	9941	0.4	1	8726 1215
92	8370	0.4	1	7220 1150
93	7939	0.4	1	6852 1087
94	6598	0.4	1	5687 911
95	5976	0.4	1	5167 809
96	5614	0.4	1	4895 719
97	5104	0.4	1	4431 673
98	4425	0.4	1	3789 636
99	4191	0.4	1	3688 503
100	3696	0.4	1	3210 486
101	3187	0.4	1	2689 498
102	2750	0.4	1	2330 420
103	2304	0.4	1	1943 361
104	1922	0.4	1	1584 338
105	1507	0.4	1	1252 255
106	1510	0.4	1	1248 262
107	1270	0.4	1	1040 230
108	1322	0.4	1	1093 229
109	1183	0.4	1	996 187
110	1037	0.4	1	840 197
111	849	0.4	1	676 173
112	710	0.4	1	571 139
113	616	0.4	1	497 119
114	560	0.4	1	439 121
115	386	0.4	1	296 90
116	443	0.4	1	330 113
117	428	0.4	1	334 94
118	385	0.4	1	288 97
119	380	0.4	1	281 99
120	393	0.4	1	275 118
121	310	0.4	1	219 91
122	316	0.4	1	217 99
123	312	0.4	1	253 59
124	193	0.4	1	135 58
125	177	0.4	1	103 74
126	167	0.4	1	95 72
127	156	0.4	1	81 75
128	146	0.4	1	67 79
129	110	0.4	1	68 42
130	86	0.4	1	27 59
131	86	0.4	1	24 62
132	73	0.4	1	18 55
133	93	0.4	1	30 63
134	79	0.4	1	25 54
135	107	0.4	1	37 70
136	100	0.4	1	20 80
137	78	0.4	1	8 70
138	83	0.4	1	7 76
139	75	0.4	1	3 72
140	82	0.4	1	1 81
141	86	0.4	1	2 84
142	80	0.4	1	1 79
143	85	0.4	1	4 81
144	110	0.4	1	8 102
145	198	0.4	1	32 166
146	183	0.4	1	5 178
147	242	0.4	1	1 241
148	375	0.4	1	2 373
149	1202	0.4	1	2 1200
150	13885	0.4	1	43 13842

RUN STATISTICS FOR INPUT FILE: Nac_Sal_2_trimmed_1.fastq.gz
=============================================
26877663 sequences processed in total

