
SUMMARISING RUN PARAMETERS
==========================
Input filename: Nac_Sal_6_trimmed_1.fastq.gz
Trimming mode: paired-end
Trim Galore version: 0.6.10
Cutadapt version: 4.9
Python version: could not detect
Number of cores used for trimming: 8
Quality Phred score cutoff: 20
Quality encoding type selected: ASCII+33
Using Illumina adapter for trimming (count: 201382). Second best hit was Nextera (count: 14)
Adapter sequence: 'AGATCGGAAGAGC' (Illumina TruSeq, Sanger iPCR; auto-detected)
Maximum trimming error rate: 0.1 (default)
Minimum required adapter overlap (stringency): 1 bp
Minimum required sequence length for both reads before a sequence pair gets removed: 20 bp
Running FastQC on the data once trimming has completed
Running FastQC with the following extra arguments: -t 12
Output file will be GZIP compressed


This is cutadapt 4.9 with Python 3.12.8
Command line parameters: -j 8 -e 0.1 -q 20 -O 1 -a AGATCGGAAGAGC Nac_Sal_6_trimmed_1.fastq.gz
Processing single-end reads on 8 cores ...
Finished in 124.951 s (4.589 µs/read; 13.08 M reads/minute).

=== Summary ===

Total reads processed:              27,230,339
Reads with adapters:                14,250,058 (52.3%)
Reads written (passing filters):    27,230,339 (100.0%)

Total basepairs processed: 4,084,550,850 bp
Quality-trimmed:              36,945,596 bp (0.9%)
Total written (filtered):  3,775,920,696 bp (92.4%)

=== Adapter 1 ===

Sequence: AGATCGGAAGAGC; Type: regular 3'; Length: 13; Trimmed: 14250058 times

Minimum overlap: 1
No. of allowed errors:
1-9 bp: 0; 10-13 bp: 1

Bases preceding removed adapters:
  A: 20.6%
  C: 30.5%
  G: 32.2%
  T: 16.1%
  none/other: 0.6%

Overview of removed sequences
length	count	expect	max.err	error counts
1	4721964	6807584.8	0	4721964
2	1529243	1701896.2	0	1529243
3	534297	425474.0	0	534297
4	214849	106368.5	0	214849
5	158834	26592.1	0	158834
6	145171	6648.0	0	145171
7	142902	1662.0	0	142902
8	136439	415.5	0	136439
9	132814	103.9	0	132177 637
10	141665	26.0	1	134118 7547
11	135681	6.5	1	128331 7350
12	139365	1.6	1	130892 8473
13	135382	0.4	1	126818 8564
14	135797	0.4	1	127461 8336
15	133295	0.4	1	124911 8384
16	131865	0.4	1	123596 8269
17	130203	0.4	1	121794 8409
18	133987	0.4	1	125012 8975
19	121176	0.4	1	114059 7117
20	125671	0.4	1	118301 7370
21	121468	0.4	1	114398 7070
22	125896	0.4	1	118169 7727
23	121825	0.4	1	114361 7464
24	120804	0.4	1	113259 7545
25	119266	0.4	1	112006 7260
26	117272	0.4	1	110292 6980
27	114807	0.4	1	108181 6626
28	114397	0.4	1	107524 6873
29	110384	0.4	1	103976 6408
30	111020	0.4	1	104382 6638
31	108699	0.4	1	102271 6428
32	115961	0.4	1	109536 6425
33	111937	0.4	1	105257 6680
34	109639	0.4	1	103129 6510
35	106633	0.4	1	100334 6299
36	101023	0.4	1	95211 5812
37	98589	0.4	1	93003 5586
38	96714	0.4	1	91070 5644
39	95395	0.4	1	89826 5569
40	94535	0.4	1	88955 5580
41	98305	0.4	1	92364 5941
42	94567	0.4	1	89080 5487
43	95845	0.4	1	90239 5606
44	88977	0.4	1	83973 5004
45	114009	0.4	1	107679 6330
46	64628	0.4	1	61382 3246
47	77396	0.4	1	73538 3858
48	82318	0.4	1	77919 4399
49	81760	0.4	1	77452 4308
50	81171	0.4	1	76802 4369
51	81453	0.4	1	77040 4413
52	80173	0.4	1	75868 4305
53	79202	0.4	1	74939 4263
54	76762	0.4	1	72649 4113
55	78990	0.4	1	74653 4337
56	70600	0.4	1	66949 3651
57	70108	0.4	1	66642 3466
58	67909	0.4	1	64452 3457
59	64752	0.4	1	61461 3291
60	61870	0.4	1	58818 3052
61	59057	0.4	1	56141 2916
62	59380	0.4	1	56362 3018
63	62361	0.4	1	59423 2938
64	59853	0.4	1	57012 2841
65	55006	0.4	1	52322 2684
66	59606	0.4	1	56496 3110
67	52237	0.4	1	49681 2556
68	50354	0.4	1	47969 2385
69	50553	0.4	1	47904 2649
70	53639	0.4	1	50221 3418
71	104995	0.4	1	56343 48652
72	355387	0.4	1	331541 23846
73	82969	0.4	1	76368 6601
74	26892	0.4	1	23190 3702
75	12876	0.4	1	11079 1797
76	9002	0.4	1	7755 1247
77	7653	0.4	1	6827 826
78	6395	0.4	1	5757 638
79	5655	0.4	1	5095 560
80	5139	0.4	1	4652 487
81	5068	0.4	1	4578 490
82	4684	0.4	1	4229 455
83	4137	0.4	1	3780 357
84	3936	0.4	1	3565 371
85	3573	0.4	1	3247 326
86	3381	0.4	1	3084 297
87	2927	0.4	1	2682 245
88	2812	0.4	1	2571 241
89	2397	0.4	1	2179 218
90	1982	0.4	1	1808 174
91	1716	0.4	1	1547 169
92	1421	0.4	1	1256 165
93	1299	0.4	1	1150 149
94	1064	0.4	1	942 122
95	946	0.4	1	823 123
96	893	0.4	1	795 98
97	840	0.4	1	722 118
98	709	0.4	1	629 80
99	604	0.4	1	516 88
100	556	0.4	1	477 79
101	496	0.4	1	419 77
102	431	0.4	1	353 78
103	343	0.4	1	275 68
104	251	0.4	1	188 63
105	238	0.4	1	166 72
106	191	0.4	1	133 58
107	232	0.4	1	140 92
108	216	0.4	1	143 73
109	170	0.4	1	108 62
110	158	0.4	1	84 74
111	151	0.4	1	74 77
112	113	0.4	1	51 62
113	146	0.4	1	63 83
114	123	0.4	1	50 73
115	93	0.4	1	36 57
116	75	0.4	1	45 30
117	80	0.4	1	28 52
118	78	0.4	1	23 55
119	76	0.4	1	22 54
120	70	0.4	1	21 49
121	78	0.4	1	20 58
122	101	0.4	1	14 87
123	37	0.4	1	8 29
124	69	0.4	1	10 59
125	81	0.4	1	12 69
126	59	0.4	1	5 54
127	50	0.4	1	11 39
128	58	0.4	1	11 47
129	80	0.4	1	7 73
130	77	0.4	1	7 70
131	56	0.4	1	2 54
132	77	0.4	1	10 67
133	56	0.4	1	7 49
134	64	0.4	1	4 60
135	60	0.4	1	6 54
136	48	0.4	1	5 43
137	54	0.4	1	2 52
138	56	0.4	1	3 53
139	61	0.4	1	1 60
140	67	0.4	1	2 65
141	75	0.4	1	1 74
142	75	0.4	1	5 70
143	84	0.4	1	0 84
144	90	0.4	1	1 89
145	162	0.4	1	11 151
146	149	0.4	1	0 149
147	247	0.4	1	7 240
148	335	0.4	1	0 335
149	954	0.4	1	1 953
150	11254	0.4	1	11 11243

RUN STATISTICS FOR INPUT FILE: Nac_Sal_6_trimmed_1.fastq.gz
=============================================
27230339 sequences processed in total

