
SUMMARISING RUN PARAMETERS
==========================
Input filename: Nac_oxy_6_trimmed_2.fastq.gz
Trimming mode: paired-end
Trim Galore version: 0.6.10
Cutadapt version: 4.9
Python version: could not detect
Number of cores used for trimming: 8
Quality Phred score cutoff: 20
Quality encoding type selected: ASCII+33
Using Illumina adapter for trimming (count: 201012). Second best hit was smallRNA (count: 14)
Adapter sequence: 'AGATCGGAAGAGC' (Illumina TruSeq, Sanger iPCR; auto-detected)
Maximum trimming error rate: 0.1 (default)
Minimum required adapter overlap (stringency): 1 bp
Minimum required sequence length for both reads before a sequence pair gets removed: 20 bp
Running FastQC on the data once trimming has completed
Running FastQC with the following extra arguments: -t 12
Output file will be GZIP compressed


This is cutadapt 4.9 with Python 3.12.8
Command line parameters: -j 8 -e 0.1 -q 20 -O 1 -a AGATCGGAAGAGC Nac_oxy_6_trimmed_2.fastq.gz
Processing single-end reads on 8 cores ...
Finished in 119.059 s (5.758 µs/read; 10.42 M reads/minute).

=== Summary ===

Total reads processed:              20,677,059
Reads with adapters:                11,081,122 (53.6%)
Reads written (passing filters):    20,677,059 (100.0%)

Total basepairs processed: 3,101,558,850 bp
Quality-trimmed:             127,036,448 bp (4.1%)
Total written (filtered):  2,722,465,756 bp (87.8%)

=== Adapter 1 ===

Sequence: AGATCGGAAGAGC; Type: regular 3'; Length: 13; Trimmed: 11081122 times

Minimum overlap: 1
No. of allowed errors:
1-9 bp: 0; 10-13 bp: 1

Bases preceding removed adapters:
  A: 18.4%
  C: 29.6%
  G: 34.1%
  T: 12.2%
  none/other: 5.7%

Overview of removed sequences
length	count	expect	max.err	error counts
1	3562139	5169264.8	0	3562139
2	1121097	1292316.2	0	1121097
3	407020	323079.0	0	407020
4	155074	80769.8	0	155074
5	109842	20192.4	0	109842
6	103658	5048.1	0	103658
7	97100	1262.0	0	97100
8	91568	315.5	0	91568
9	92125	78.9	0	91636 489
10	98302	19.7	1	89653 8649
11	91548	4.9	1	83553 7995
12	94619	1.2	1	85711 8908
13	99421	0.3	1	89131 10290
14	113689	0.3	1	101525 12164
15	82695	0.3	1	75439 7256
16	97210	0.3	1	87967 9243
17	83670	0.3	1	76402 7268
18	76667	0.3	1	70387 6280
19	87119	0.3	1	79247 7872
20	82186	0.3	1	74808 7378
21	81271	0.3	1	74265 7006
22	87854	0.3	1	80104 7750
23	90294	0.3	1	82182 8112
24	93943	0.3	1	85042 8901
25	78695	0.3	1	72152 6543
26	83063	0.3	1	76374 6689
27	78326	0.3	1	71962 6364
28	83622	0.3	1	76793 6829
29	76390	0.3	1	70607 5783
30	91878	0.3	1	84149 7729
31	68642	0.3	1	63967 4675
32	89027	0.3	1	82635 6392
33	77498	0.3	1	72134 5364
34	81968	0.3	1	75751 6217
35	74624	0.3	1	69284 5340
36	72959	0.3	1	67748 5211
37	71188	0.3	1	66516 4672
38	70744	0.3	1	65762 4982
39	68895	0.3	1	64348 4547
40	67627	0.3	1	63543 4084
41	69230	0.3	1	64793 4437
42	73345	0.3	1	68429 4916
43	65314	0.3	1	61374 3940
44	65899	0.3	1	61664 4235
45	67870	0.3	1	63316 4554
46	64266	0.3	1	60385 3881
47	64631	0.3	1	60591 4040
48	62311	0.3	1	58548 3763
49	61993	0.3	1	58138 3855
50	63757	0.3	1	59755 4002
51	61448	0.3	1	57837 3611
52	60125	0.3	1	56476 3649
53	63577	0.3	1	59545 4032
54	61822	0.3	1	58014 3808
55	51047	0.3	1	48127 2920
56	58993	0.3	1	55631 3362
57	57741	0.3	1	54177 3564
58	50754	0.3	1	47650 3104
59	48030	0.3	1	45189 2841
60	52026	0.3	1	48826 3200
61	43916	0.3	1	41400 2516
62	41543	0.3	1	39169 2374
63	54507	0.3	1	51549 2958
64	29521	0.3	1	27963 1558
65	38126	0.3	1	36137 1989
66	36085	0.3	1	34167 1918
67	40329	0.3	1	38128 2201
68	36216	0.3	1	34281 1935
69	35867	0.3	1	33839 2028
70	34140	0.3	1	32108 2032
71	34440	0.3	1	32331 2109
72	33736	0.3	1	31542 2194
73	34990	0.3	1	31455 3535
74	42869	0.3	1	34449 8420
75	407212	0.3	1	38481 368731
76	340260	0.3	1	224331 115929
77	64005	0.3	1	34205 29800
78	19306	0.3	1	8002 11304
79	10166	0.3	1	4116 6050
80	7890	0.3	1	3715 4175
81	6355	0.3	1	3464 2891
82	5159	0.3	1	3246 1913
83	4823	0.3	1	2951 1872
84	4716	0.3	1	3111 1605
85	4490	0.3	1	2768 1722
86	4196	0.3	1	2663 1533
87	3556	0.3	1	2286 1270
88	3223	0.3	1	2167 1056
89	2622	0.3	1	1796 826
90	2427	0.3	1	1603 824
91	2000	0.3	1	1356 644
92	1672	0.3	1	1134 538
93	1567	0.3	1	1001 566
94	1402	0.3	1	896 506
95	1218	0.3	1	742 476
96	1317	0.3	1	809 508
97	1040	0.3	1	628 412
98	905	0.3	1	528 377
99	786	0.3	1	453 333
100	724	0.3	1	399 325
101	683	0.3	1	400 283
102	613	0.3	1	334 279
103	469	0.3	1	238 231
104	415	0.3	1	188 227
105	365	0.3	1	165 200
106	330	0.3	1	147 183
107	376	0.3	1	135 241
108	278	0.3	1	119 159
109	332	0.3	1	117 215
110	248	0.3	1	95 153
111	188	0.3	1	66 122
112	173	0.3	1	49 124
113	161	0.3	1	40 121
114	138	0.3	1	29 109
115	163	0.3	1	32 131
116	147	0.3	1	35 112
117	114	0.3	1	16 98
118	115	0.3	1	26 89
119	110	0.3	1	26 84
120	101	0.3	1	25 76
121	101	0.3	1	19 82
122	134	0.3	1	20 114
123	80	0.3	1	21 59
124	99	0.3	1	15 84
125	112	0.3	1	6 106
126	82	0.3	1	8 74
127	78	0.3	1	9 69
128	80	0.3	1	5 75
129	83	0.3	1	11 72
130	71	0.3	1	9 62
131	60	0.3	1	5 55
132	77	0.3	1	11 66
133	62	0.3	1	2 60
134	49	0.3	1	4 45
135	56	0.3	1	5 51
136	68	0.3	1	3 65
137	61	0.3	1	3 58
138	67	0.3	1	2 65
139	60	0.3	1	0 60
140	67	0.3	1	1 66
141	77	0.3	1	3 74
142	59	0.3	1	0 59
143	89	0.3	1	0 89
144	109	0.3	1	1 108
145	169	0.3	1	0 169
146	241	0.3	1	0 241
147	444	0.3	1	3 441
148	636	0.3	1	0 636
149	2857	0.3	1	1 2856
150	70617	0.3	1	4 70613

RUN STATISTICS FOR INPUT FILE: Nac_oxy_6_trimmed_2.fastq.gz
=============================================
20677059 sequences processed in total

Total number of sequences analysed for the sequence pair length validation: 20677059

Number of sequence pairs removed because at least one read was shorter than the length cutoff (20 bp): 738710 (3.57%)
