
SUMMARISING RUN PARAMETERS
==========================
Input filename: Nac_Sal_8_trimmed_1.fastq.gz
Trimming mode: paired-end
Trim Galore version: 0.6.10
Cutadapt version: 4.9
Python version: could not detect
Number of cores used for trimming: 8
Quality Phred score cutoff: 20
Quality encoding type selected: ASCII+33
Using Illumina adapter for trimming (count: 303709). Second best hit was Nextera (count: 10)
Adapter sequence: 'AGATCGGAAGAGC' (Illumina TruSeq, Sanger iPCR; auto-detected)
Maximum trimming error rate: 0.1 (default)
Minimum required adapter overlap (stringency): 1 bp
Minimum required sequence length for both reads before a sequence pair gets removed: 20 bp
Running FastQC on the data once trimming has completed
Running FastQC with the following extra arguments: -t 12
Output file will be GZIP compressed


This is cutadapt 4.9 with Python 3.12.8
Command line parameters: -j 8 -e 0.1 -q 20 -O 1 -a AGATCGGAAGAGC Nac_Sal_8_trimmed_1.fastq.gz
Processing single-end reads on 8 cores ...
Finished in 103.037 s (3.934 µs/read; 15.25 M reads/minute).

=== Summary ===

Total reads processed:              26,193,820
Reads with adapters:                16,347,407 (62.4%)
Reads written (passing filters):    26,193,820 (100.0%)

Total basepairs processed: 3,929,073,000 bp
Quality-trimmed:             113,159,288 bp (2.9%)
Total written (filtered):  3,297,152,753 bp (83.9%)

=== Adapter 1 ===

Sequence: AGATCGGAAGAGC; Type: regular 3'; Length: 13; Trimmed: 16347407 times

Minimum overlap: 1
No. of allowed errors:
1-9 bp: 0; 10-13 bp: 1

Bases preceding removed adapters:
  A: 14.7%
  C: 29.5%
  G: 32.5%
  T: 15.6%
  none/other: 7.8%

Overview of removed sequences
length	count	expect	max.err	error counts
1	3448989	6548455.0	0	3448989
2	1164128	1637113.8	0	1164128
3	413671	409278.4	0	413671
4	183485	102319.6	0	183485
5	149397	25579.9	0	149397
6	140828	6395.0	0	140828
7	143054	1598.7	0	143054
8	135998	399.7	0	135998
9	136152	99.9	0	135562 590
10	141251	25.0	1	132786 8465
11	138388	6.2	1	130153 8235
12	143149	1.6	1	133984 9165
13	142622	0.4	1	133245 9377
14	142466	0.4	1	132871 9595
15	141831	0.4	1	132362 9469
16	141118	0.4	1	131302 9816
17	143575	0.4	1	133304 10271
18	146060	0.4	1	136003 10057
19	139661	0.4	1	130144 9517
20	140280	0.4	1	131067 9213
21	139229	0.4	1	130137 9092
22	147276	0.4	1	136980 10296
23	142289	0.4	1	132805 9484
24	144364	0.4	1	134460 9904
25	145185	0.4	1	135531 9654
26	139184	0.4	1	130281 8903
27	141629	0.4	1	132417 9212
28	142810	0.4	1	133510 9300
29	138037	0.4	1	128825 9212
30	138695	0.4	1	129449 9246
31	134891	0.4	1	126351 8540
32	146157	0.4	1	136888 9269
33	137614	0.4	1	128695 8919
34	143619	0.4	1	134505 9114
35	138408	0.4	1	129745 8663
36	137032	0.4	1	128102 8930
37	139745	0.4	1	130935 8810
38	135407	0.4	1	126628 8779
39	134659	0.4	1	125772 8887
40	136038	0.4	1	126715 9323
41	132111	0.4	1	123837 8274
42	132437	0.4	1	123836 8601
43	137203	0.4	1	128079 9124
44	128951	0.4	1	120686 8265
45	170023	0.4	1	159660 10363
46	94567	0.4	1	89078 5489
47	112874	0.4	1	106244 6630
48	124482	0.4	1	116951 7531
49	121103	0.4	1	113748 7355
50	121737	0.4	1	114248 7489
51	120027	0.4	1	112750 7277
52	121947	0.4	1	114839 7108
53	121066	0.4	1	113568 7498
54	118555	0.4	1	111362 7193
55	125015	0.4	1	117216 7799
56	114443	0.4	1	107763 6680
57	115797	0.4	1	109460 6337
58	113203	0.4	1	106478 6725
59	106649	0.4	1	100229 6420
60	101589	0.4	1	95599 5990
61	98477	0.4	1	92879 5598
62	99882	0.4	1	94051 5831
63	105682	0.4	1	99590 6092
64	100912	0.4	1	95234 5678
65	95099	0.4	1	89372 5727
66	103960	0.4	1	97589 6371
67	94891	0.4	1	89231 5660
68	93888	0.4	1	87779 6109
69	95586	0.4	1	87091 8495
70	112495	0.4	1	92760 19735
71	800661	0.4	1	109773 690888
72	975718	0.4	1	770878 204840
73	233412	0.4	1	179812 53600
74	95119	0.4	1	53114 42005
75	43685	0.4	1	24375 19310
76	30158	0.4	1	16527 13631
77	22200	0.4	1	14877 7323
78	17758	0.4	1	12695 5063
79	16663	0.4	1	12257 4406
80	14855	0.4	1	11008 3847
81	13899	0.4	1	10339 3560
82	13251	0.4	1	10176 3075
83	12145	0.4	1	9504 2641
84	11181	0.4	1	8825 2356
85	10430	0.4	1	8262 2168
86	10005	0.4	1	7891 2114
87	9185	0.4	1	7217 1968
88	8585	0.4	1	6899 1686
89	7716	0.4	1	6188 1528
90	6667	0.4	1	5316 1351
91	5934	0.4	1	4624 1310
92	5173	0.4	1	4009 1164
93	4596	0.4	1	3565 1031
94	4240	0.4	1	3188 1052
95	3923	0.4	1	2940 983
96	3495	0.4	1	2535 960
97	3178	0.4	1	2302 876
98	2967	0.4	1	2142 825
99	2623	0.4	1	1907 716
100	2449	0.4	1	1728 721
101	2245	0.4	1	1519 726
102	1764	0.4	1	1177 587
103	1584	0.4	1	954 630
104	1324	0.4	1	687 637
105	1114	0.4	1	550 564
106	1062	0.4	1	542 520
107	1046	0.4	1	475 571
108	1039	0.4	1	458 581
109	1001	0.4	1	423 578
110	865	0.4	1	353 512
111	873	0.4	1	313 560
112	781	0.4	1	233 548
113	723	0.4	1	193 530
114	725	0.4	1	159 566
115	689	0.4	1	144 545
116	662	0.4	1	101 561
117	628	0.4	1	120 508
118	579	0.4	1	82 497
119	582	0.4	1	71 511
120	601	0.4	1	70 531
121	621	0.4	1	82 539
122	548	0.4	1	57 491
123	550	0.4	1	72 478
124	587	0.4	1	46 541
125	533	0.4	1	31 502
126	561	0.4	1	46 515
127	569	0.4	1	28 541
128	629	0.4	1	31 598
129	610	0.4	1	34 576
130	644	0.4	1	34 610
131	678	0.4	1	26 652
132	768	0.4	1	42 726
133	960	0.4	1	48 912
134	785	0.4	1	53 732
135	812	0.4	1	37 775
136	1604	0.4	1	50 1554
137	1163	0.4	1	64 1099
138	822	0.4	1	50 772
139	713	0.4	1	26 687
140	756	0.4	1	18 738
141	831	0.4	1	34 797
142	1004	0.4	1	29 975
143	1161	0.4	1	31 1130
144	1340	0.4	1	34 1306
145	1747	0.4	1	26 1721
146	2269	0.4	1	38 2231
147	3415	0.4	1	52 3363
148	4818	0.4	1	86 4732
149	15138	0.4	1	418 14720
150	175991	0.4	1	2279 173712

RUN STATISTICS FOR INPUT FILE: Nac_Sal_8_trimmed_1.fastq.gz
=============================================
26193820 sequences processed in total

