
SUMMARISING RUN PARAMETERS
==========================
Input filename: Nac_Sal_5_trimmed_2.fastq.gz
Trimming mode: paired-end
Trim Galore version: 0.6.10
Cutadapt version: 4.9
Python version: could not detect
Number of cores used for trimming: 8
Quality Phred score cutoff: 20
Quality encoding type selected: ASCII+33
Using Illumina adapter for trimming (count: 514464). Second best hit was Nextera (count: 8)
Adapter sequence: 'AGATCGGAAGAGC' (Illumina TruSeq, Sanger iPCR; auto-detected)
Maximum trimming error rate: 0.1 (default)
Minimum required adapter overlap (stringency): 1 bp
Minimum required sequence length for both reads before a sequence pair gets removed: 20 bp
Running FastQC on the data once trimming has completed
Running FastQC with the following extra arguments: -t 12
Output file will be GZIP compressed


This is cutadapt 4.9 with Python 3.12.8
Command line parameters: -j 8 -e 0.1 -q 20 -O 1 -a AGATCGGAAGAGC Nac_Sal_5_trimmed_2.fastq.gz
Processing single-end reads on 8 cores ...
Finished in 114.064 s (4.225 µs/read; 14.20 M reads/minute).

=== Summary ===

Total reads processed:              26,997,272
Reads with adapters:                20,560,976 (76.2%)
Reads written (passing filters):    26,997,272 (100.0%)

Total basepairs processed: 4,049,590,800 bp
Quality-trimmed:             121,838,723 bp (3.0%)
Total written (filtered):  3,102,239,928 bp (76.6%)

=== Adapter 1 ===

Sequence: AGATCGGAAGAGC; Type: regular 3'; Length: 13; Trimmed: 20560976 times

Minimum overlap: 1
No. of allowed errors:
1-9 bp: 0; 10-13 bp: 1

Bases preceding removed adapters:
  A: 11.6%
  C: 39.7%
  G: 37.6%
  T: 11.0%
  none/other: 0.1%

Overview of removed sequences
length	count	expect	max.err	error counts
1	2444244	6749318.0	0	2444244
2	798102	1687329.5	0	798102
3	337473	421832.4	0	337473
4	165013	105458.1	0	165013
5	142259	26364.5	0	142259
6	139030	6591.1	0	139030
7	130815	1647.8	0	130815
8	122800	411.9	0	122800
9	127238	103.0	0	126809 429
10	149408	25.7	1	122857 26551
11	144208	6.4	1	119003 25205
12	150989	1.6	1	123219 27770
13	169395	0.4	1	136642 32753
14	211591	0.4	1	168922 42669
15	134142	0.4	1	110704 23438
16	175348	0.4	1	143161 32187
17	160669	0.4	1	131231 29438
18	125704	0.4	1	104312 21392
19	161768	0.4	1	132142 29626
20	146518	0.4	1	120224 26294
21	147280	0.4	1	122335 24945
22	166521	0.4	1	136500 30021
23	184370	0.4	1	150805 33565
24	216349	0.4	1	173451 42898
25	160339	0.4	1	132651 27688
26	173071	0.4	1	143296 29775
27	166507	0.4	1	138057 28450
28	196708	0.4	1	162051 34657
29	165556	0.4	1	138234 27322
30	240838	0.4	1	197674 43164
31	130069	0.4	1	110550 19519
32	193047	0.4	1	160778 32269
33	174153	0.4	1	146523 27630
34	182852	0.4	1	153544 29308
35	199117	0.4	1	167028 32089
36	192781	0.4	1	161536 31245
37	218795	0.4	1	182480 36315
38	198833	0.4	1	166685 32148
39	191193	0.4	1	161240 29953
40	193565	0.4	1	163146 30419
41	198625	0.4	1	167890 30735
42	216472	0.4	1	180559 35913
43	202868	0.4	1	170279 32589
44	217222	0.4	1	180870 36352
45	225987	0.4	1	190409 35578
46	233292	0.4	1	198238 35054
47	244968	0.4	1	207830 37138
48	230172	0.4	1	196957 33215
49	244027	0.4	1	207248 36779
50	242955	0.4	1	204573 38382
51	234539	0.4	1	198253 36286
52	245441	0.4	1	206768 38673
53	267039	0.4	1	223365 43674
54	262262	0.4	1	219217 43045
55	220053	0.4	1	186753 33300
56	268804	0.4	1	226565 42239
57	268945	0.4	1	225625 43320
58	246512	0.4	1	206347 40165
59	231756	0.4	1	194768 36988
60	263343	0.4	1	220393 42950
61	221174	0.4	1	186651 34523
62	204312	0.4	1	171868 32444
63	278645	0.4	1	236883 41762
64	145439	0.4	1	125619 19820
65	198265	0.4	1	169769 28496
66	197159	0.4	1	168584 28575
67	235301	0.4	1	200602 34699
68	214766	0.4	1	181565 33201
69	207108	0.4	1	174759 32349
70	209427	0.4	1	178676 30751
71	207320	0.4	1	177103 30217
72	217313	0.4	1	185239 32074
73	221708	0.4	1	188737 32971
74	241457	0.4	1	206298 35159
75	311907	0.4	1	259835 52072
76	1879202	0.4	1	1626515 252687
77	305854	0.4	1	260775 45079
78	68921	0.4	1	58217 10704
79	33590	0.4	1	28275 5315
80	29691	0.4	1	24862 4829
81	28925	0.4	1	24343 4582
82	26559	0.4	1	22454 4105
83	23541	0.4	1	19476 4065
84	23952	0.4	1	20080 3872
85	21854	0.4	1	18449 3405
86	22335	0.4	1	18955 3380
87	19426	0.4	1	16395 3031
88	18673	0.4	1	15933 2740
89	16935	0.4	1	14450 2485
90	14607	0.4	1	12297 2310
91	13304	0.4	1	11355 1949
92	11196	0.4	1	9515 1681
93	10786	0.4	1	9157 1629
94	9618	0.4	1	8207 1411
95	8351	0.4	1	7030 1321
96	8271	0.4	1	7037 1234
97	7238	0.4	1	6209 1029
98	5937	0.4	1	5061 876
99	5713	0.4	1	4870 843
100	4936	0.4	1	4208 728
101	4685	0.4	1	4002 683
102	3866	0.4	1	3208 658
103	3219	0.4	1	2709 510
104	2606	0.4	1	2188 418
105	2191	0.4	1	1867 324
106	2242	0.4	1	1869 373
107	1959	0.4	1	1674 285
108	1953	0.4	1	1665 288
109	1929	0.4	1	1604 325
110	1517	0.4	1	1302 215
111	1182	0.4	1	963 219
112	945	0.4	1	776 169
113	845	0.4	1	702 143
114	649	0.4	1	532 117
115	595	0.4	1	496 99
116	533	0.4	1	432 101
117	583	0.4	1	468 115
118	502	0.4	1	398 104
119	427	0.4	1	339 88
120	372	0.4	1	285 87
121	327	0.4	1	268 59
122	274	0.4	1	213 61
123	247	0.4	1	193 54
124	185	0.4	1	132 53
125	127	0.4	1	86 41
126	148	0.4	1	111 37
127	125	0.4	1	78 47
128	140	0.4	1	102 38
129	92	0.4	1	66 26
130	101	0.4	1	73 28
131	62	0.4	1	37 25
132	59	0.4	1	36 23
133	54	0.4	1	20 34
134	55	0.4	1	29 26
135	46	0.4	1	21 25
136	65	0.4	1	41 24
137	28	0.4	1	6 22
138	35	0.4	1	14 21
139	26	0.4	1	3 23
140	11	0.4	1	1 10
141	23	0.4	1	1 22
142	24	0.4	1	0 24
143	10	0.4	1	1 9
144	16	0.4	1	1 15
145	16	0.4	1	0 16
146	23	0.4	1	2 21
147	32	0.4	1	1 31
148	30	0.4	1	1 29
149	55	0.4	1	0 55
150	1084	0.4	1	0 1084

RUN STATISTICS FOR INPUT FILE: Nac_Sal_5_trimmed_2.fastq.gz
=============================================
26997272 sequences processed in total

Total number of sequences analysed for the sequence pair length validation: 26997272

Number of sequence pairs removed because at least one read was shorter than the length cutoff (20 bp): 116556 (0.43%)
