
SUMMARISING RUN PARAMETERS
==========================
Input filename: Nac_oxy_3_trimmed_2.fastq.gz
Trimming mode: paired-end
Trim Galore version: 0.6.10
Cutadapt version: 4.9
Python version: could not detect
Number of cores used for trimming: 8
Quality Phred score cutoff: 20
Quality encoding type selected: ASCII+33
Using Illumina adapter for trimming (count: 163250). Second best hit was Nextera (count: 13)
Adapter sequence: 'AGATCGGAAGAGC' (Illumina TruSeq, Sanger iPCR; auto-detected)
Maximum trimming error rate: 0.1 (default)
Minimum required adapter overlap (stringency): 1 bp
Minimum required sequence length for both reads before a sequence pair gets removed: 20 bp
Running FastQC on the data once trimming has completed
Running FastQC with the following extra arguments: -t 12
Output file will be GZIP compressed


This is cutadapt 4.9 with Python 3.12.8
Command line parameters: -j 8 -e 0.1 -q 20 -O 1 -a AGATCGGAAGAGC Nac_oxy_3_trimmed_2.fastq.gz
Processing single-end reads on 8 cores ...
Finished in 121.897 s (5.222 µs/read; 11.49 M reads/minute).

=== Summary ===

Total reads processed:              23,345,167
Reads with adapters:                11,383,738 (48.8%)
Reads written (passing filters):    23,345,167 (100.0%)

Total basepairs processed: 3,501,775,050 bp
Quality-trimmed:             115,840,970 bp (3.3%)
Total written (filtered):  3,213,212,177 bp (91.8%)

=== Adapter 1 ===

Sequence: AGATCGGAAGAGC; Type: regular 3'; Length: 13; Trimmed: 11383738 times

Minimum overlap: 1
No. of allowed errors:
1-9 bp: 0; 10-13 bp: 1

Bases preceding removed adapters:
  A: 19.7%
  C: 35.0%
  G: 29.8%
  T: 15.4%
  none/other: 0.1%

Overview of removed sequences
length	count	expect	max.err	error counts
1	4314828	5836291.8	0	4314828
2	1367794	1459072.9	0	1367794
3	481453	364768.2	0	481453
4	184198	91192.1	0	184198
5	131366	22798.0	0	131366
6	123201	5699.5	0	123201
7	111858	1424.9	0	111858
8	102219	356.2	0	102219
9	103298	89.1	0	102721 577
10	112157	22.3	1	97619 14538
11	105818	5.6	1	92039 13779
12	107776	1.4	1	92804 14972
13	118695	0.3	1	101554 17141
14	134738	0.3	1	115039 19699
15	95425	0.3	1	83138 12287
16	115363	0.3	1	99628 15735
17	95956	0.3	1	83304 12652
18	87021	0.3	1	76149 10872
19	97240	0.3	1	84488 12752
20	91376	0.3	1	79474 11902
21	88224	0.3	1	77086 11138
22	96003	0.3	1	83664 12339
23	101274	0.3	1	87757 13517
24	107713	0.3	1	92824 14889
25	88221	0.3	1	77182 11039
26	92960	0.3	1	81530 11430
27	88069	0.3	1	77116 10953
28	92361	0.3	1	80779 11582
29	81281	0.3	1	71680 9601
30	97554	0.3	1	85169 12385
31	69706	0.3	1	62063 7643
32	84684	0.3	1	75017 9667
33	76878	0.3	1	68452 8426
34	84517	0.3	1	74406 10111
35	76817	0.3	1	67969 8848
36	76394	0.3	1	67789 8605
37	73725	0.3	1	65776 7949
38	73141	0.3	1	65204 7937
39	68367	0.3	1	61156 7211
40	63774	0.3	1	57246 6528
41	65942	0.3	1	58988 6954
42	69705	0.3	1	61895 7810
43	60786	0.3	1	54710 6076
44	62419	0.3	1	55836 6583
45	63467	0.3	1	56780 6687
46	60527	0.3	1	54393 6134
47	61022	0.3	1	54536 6486
48	55252	0.3	1	49622 5630
49	54170	0.3	1	48517 5653
50	54410	0.3	1	48596 5814
51	50074	0.3	1	44861 5213
52	50561	0.3	1	45106 5455
53	53731	0.3	1	47859 5872
54	50882	0.3	1	45404 5478
55	41792	0.3	1	37575 4217
56	48928	0.3	1	43812 5116
57	45459	0.3	1	40631 4828
58	39290	0.3	1	35137 4153
59	36045	0.3	1	32350 3695
60	40203	0.3	1	35972 4231
61	32934	0.3	1	29629 3305
62	29268	0.3	1	26356 2912
63	38378	0.3	1	34717 3661
64	19696	0.3	1	17986 1710
65	26042	0.3	1	23591 2451
66	24215	0.3	1	21956 2259
67	27462	0.3	1	24747 2715
68	24552	0.3	1	22137 2415
69	23787	0.3	1	21446 2341
70	21601	0.3	1	19619 1982
71	21502	0.3	1	19357 2145
72	20502	0.3	1	18529 1973
73	19776	0.3	1	17885 1891
74	22246	0.3	1	19900 2346
75	31584	0.3	1	22421 9163
76	120019	0.3	1	108489 11530
77	19279	0.3	1	16940 2339
78	4885	0.3	1	4185 700
79	2594	0.3	1	2179 415
80	2236	0.3	1	1866 370
81	2048	0.3	1	1727 321
82	1761	0.3	1	1530 231
83	1567	0.3	1	1356 211
84	1708	0.3	1	1472 236
85	1449	0.3	1	1250 199
86	1442	0.3	1	1231 211
87	1332	0.3	1	1142 190
88	1188	0.3	1	1020 168
89	965	0.3	1	819 146
90	902	0.3	1	762 140
91	744	0.3	1	628 116
92	652	0.3	1	541 111
93	575	0.3	1	482 93
94	510	0.3	1	424 86
95	466	0.3	1	381 85
96	477	0.3	1	385 92
97	357	0.3	1	283 74
98	281	0.3	1	231 50
99	285	0.3	1	231 54
100	268	0.3	1	204 64
101	256	0.3	1	202 54
102	227	0.3	1	159 68
103	156	0.3	1	108 48
104	119	0.3	1	85 34
105	135	0.3	1	91 44
106	117	0.3	1	74 43
107	114	0.3	1	72 42
108	101	0.3	1	71 30
109	114	0.3	1	69 45
110	76	0.3	1	43 33
111	74	0.3	1	36 38
112	64	0.3	1	33 31
113	49	0.3	1	25 24
114	64	0.3	1	26 38
115	65	0.3	1	28 37
116	48	0.3	1	20 28
117	56	0.3	1	24 32
118	52	0.3	1	14 38
119	51	0.3	1	9 42
120	38	0.3	1	10 28
121	35	0.3	1	8 27
122	42	0.3	1	15 27
123	35	0.3	1	9 26
124	58	0.3	1	9 49
125	29	0.3	1	10 19
126	44	0.3	1	14 30
127	33	0.3	1	13 20
128	42	0.3	1	5 37
129	28	0.3	1	10 18
130	28	0.3	1	4 24
131	28	0.3	1	4 24
132	24	0.3	1	10 14
133	28	0.3	1	1 27
134	28	0.3	1	6 22
135	32	0.3	1	2 30
136	23	0.3	1	2 21
137	19	0.3	1	3 16
138	16	0.3	1	3 13
139	13	0.3	1	0 13
140	13	0.3	1	0 13
141	28	0.3	1	0 28
142	16	0.3	1	1 15
143	12	0.3	1	0 12
144	11	0.3	1	1 10
145	42	0.3	1	1 41
146	12	0.3	1	0 12
147	47	0.3	1	1 46
148	33	0.3	1	1 32
149	63	0.3	1	0 63
150	1257	0.3	1	0 1257

RUN STATISTICS FOR INPUT FILE: Nac_oxy_3_trimmed_2.fastq.gz
=============================================
23345167 sequences processed in total

Total number of sequences analysed for the sequence pair length validation: 23345167

Number of sequence pairs removed because at least one read was shorter than the length cutoff (20 bp): 168428 (0.72%)
