
SUMMARISING RUN PARAMETERS
==========================
Input filename: Nac_Sal_4_trimmed_2.fastq.gz
Trimming mode: paired-end
Trim Galore version: 0.6.10
Cutadapt version: 4.9
Python version: could not detect
Number of cores used for trimming: 8
Quality Phred score cutoff: 20
Quality encoding type selected: ASCII+33
Using Illumina adapter for trimming (count: 231204). Second best hit was Nextera (count: 13)
Adapter sequence: 'AGATCGGAAGAGC' (Illumina TruSeq, Sanger iPCR; auto-detected)
Maximum trimming error rate: 0.1 (default)
Minimum required adapter overlap (stringency): 1 bp
Minimum required sequence length for both reads before a sequence pair gets removed: 20 bp
Running FastQC on the data once trimming has completed
Running FastQC with the following extra arguments: -t 12
Output file will be GZIP compressed


This is cutadapt 4.9 with Python 3.12.8
Command line parameters: -j 8 -e 0.1 -q 20 -O 1 -a AGATCGGAAGAGC Nac_Sal_4_trimmed_2.fastq.gz
Processing single-end reads on 8 cores ...
Finished in 129.652 s (5.212 µs/read; 11.51 M reads/minute).

=== Summary ===

Total reads processed:              24,876,193
Reads with adapters:                13,182,509 (53.0%)
Reads written (passing filters):    24,876,193 (100.0%)

Total basepairs processed: 3,731,428,950 bp
Quality-trimmed:             115,999,947 bp (3.1%)
Total written (filtered):  3,340,408,348 bp (89.5%)

=== Adapter 1 ===

Sequence: AGATCGGAAGAGC; Type: regular 3'; Length: 13; Trimmed: 13182509 times

Minimum overlap: 1
No. of allowed errors:
1-9 bp: 0; 10-13 bp: 1

Bases preceding removed adapters:
  A: 18.3%
  C: 29.5%
  G: 39.3%
  T: 12.7%
  none/other: 0.1%

Overview of removed sequences
length	count	expect	max.err	error counts
1	4111243	6219048.2	0	4111243
2	1362080	1554762.1	0	1362080
3	486168	388690.5	0	486168
4	184617	97172.6	0	184617
5	132418	24293.2	0	132418
6	128658	6073.3	0	128658
7	117659	1518.3	0	117659
8	110829	379.6	0	110829
9	111368	94.9	0	110799 569
10	120744	23.7	1	108696 12048
11	113263	5.9	1	101942 11321
12	116371	1.5	1	103568 12803
13	127658	0.4	1	112452 15206
14	150682	0.4	1	132282 18400
15	97341	0.4	1	87692 9649
16	124180	0.4	1	110588 13592
17	108243	0.4	1	97350 10893
18	91622	0.4	1	82965 8657
19	109835	0.4	1	98728 11107
20	105003	0.4	1	94400 10603
21	103220	0.4	1	93426 9794
22	113046	0.4	1	101678 11368
23	117219	0.4	1	105303 11916
24	113710	0.4	1	101896 11814
25	112568	0.4	1	101471 11097
26	110533	0.4	1	99935 10598
27	107648	0.4	1	97428 10220
28	115404	0.4	1	104709 10695
29	104321	0.4	1	95374 8947
30	133553	0.4	1	121078 12475
31	88007	0.4	1	81505 6502
32	111532	0.4	1	102232 9300
33	102042	0.4	1	94320 7722
34	112957	0.4	1	103428 9529
35	108002	0.4	1	99411 8591
36	118416	0.4	1	108994 9422
37	84321	0.4	1	78728 5593
38	107768	0.4	1	100111 7657
39	87660	0.4	1	82049 5611
40	92331	0.4	1	86555 5776
41	90755	0.4	1	85152 5603
42	95908	0.4	1	89558 6350
43	93145	0.4	1	87282 5863
44	92138	0.4	1	86012 6126
45	98261	0.4	1	91148 7113
46	93932	0.4	1	87798 6134
47	93910	0.4	1	87389 6521
48	85698	0.4	1	80437 5261
49	88670	0.4	1	83007 5663
50	91769	0.4	1	85697 6072
51	86668	0.4	1	81258 5410
52	87136	0.4	1	81611 5525
53	99294	0.4	1	92635 6659
54	91568	0.4	1	85739 5829
55	77346	0.4	1	73015 4331
56	90119	0.4	1	84554 5565
57	83227	0.4	1	78275 4952
58	75897	0.4	1	71435 4462
59	70568	0.4	1	66527 4041
60	79637	0.4	1	74754 4883
61	66567	0.4	1	62966 3601
62	62723	0.4	1	59336 3387
63	83149	0.4	1	78753 4396
64	42337	0.4	1	40212 2125
65	57547	0.4	1	54718 2829
66	52778	0.4	1	50198 2580
67	58983	0.4	1	55790 3193
68	56617	0.4	1	53621 2996
69	54994	0.4	1	52187 2807
70	52042	0.4	1	49277 2765
71	50718	0.4	1	48228 2490
72	48940	0.4	1	46564 2376
73	48552	0.4	1	46211 2341
74	54212	0.4	1	51223 2989
75	70397	0.4	1	59283 11114
76	285014	0.4	1	272898 12116
77	43908	0.4	1	41382 2526
78	11198	0.4	1	10299 899
79	6465	0.4	1	5893 572
80	5487	0.4	1	5020 467
81	4866	0.4	1	4486 380
82	4335	0.4	1	3967 368
83	3987	0.4	1	3688 299
84	4186	0.4	1	3880 306
85	3837	0.4	1	3497 340
86	3563	0.4	1	3313 250
87	3070	0.4	1	2824 246
88	2835	0.4	1	2599 236
89	2184	0.4	1	1999 185
90	2007	0.4	1	1834 173
91	1646	0.4	1	1516 130
92	1392	0.4	1	1274 118
93	1249	0.4	1	1140 109
94	1093	0.4	1	987 106
95	917	0.4	1	823 94
96	920	0.4	1	793 127
97	749	0.4	1	668 81
98	644	0.4	1	577 67
99	547	0.4	1	472 75
100	498	0.4	1	443 55
101	467	0.4	1	406 61
102	361	0.4	1	303 58
103	300	0.4	1	249 51
104	249	0.4	1	197 52
105	200	0.4	1	154 46
106	170	0.4	1	134 36
107	160	0.4	1	133 27
108	173	0.4	1	132 41
109	148	0.4	1	106 42
110	114	0.4	1	85 29
111	100	0.4	1	68 32
112	92	0.4	1	57 35
113	79	0.4	1	40 39
114	95	0.4	1	45 50
115	65	0.4	1	35 30
116	55	0.4	1	28 27
117	59	0.4	1	24 35
118	54	0.4	1	21 33
119	42	0.4	1	18 24
120	37	0.4	1	11 26
121	49	0.4	1	17 32
122	47	0.4	1	16 31
123	43	0.4	1	13 30
124	39	0.4	1	7 32
125	35	0.4	1	8 27
126	36	0.4	1	9 27
127	48	0.4	1	9 39
128	36	0.4	1	4 32
129	37	0.4	1	6 31
130	43	0.4	1	4 39
131	36	0.4	1	8 28
132	32	0.4	1	15 17
133	21	0.4	1	4 17
134	30	0.4	1	5 25
135	28	0.4	1	4 24
136	30	0.4	1	7 23
137	28	0.4	1	1 27
138	17	0.4	1	3 14
139	28	0.4	1	2 26
140	17	0.4	1	1 16
141	31	0.4	1	0 31
142	24	0.4	1	3 21
143	25	0.4	1	2 23
144	17	0.4	1	0 17
145	31	0.4	1	3 28
146	15	0.4	1	0 15
147	52	0.4	1	2 50
148	25	0.4	1	0 25
149	55	0.4	1	0 55
150	1495	0.4	1	1 1494

RUN STATISTICS FOR INPUT FILE: Nac_Sal_4_trimmed_2.fastq.gz
=============================================
24876193 sequences processed in total

Total number of sequences analysed for the sequence pair length validation: 24876193

Number of sequence pairs removed because at least one read was shorter than the length cutoff (20 bp): 134258 (0.54%)
