
SUMMARISING RUN PARAMETERS
==========================
Input filename: Nac_Sal_5_trimmed_1.fastq.gz
Trimming mode: paired-end
Trim Galore version: 0.6.10
Cutadapt version: 4.9
Python version: could not detect
Number of cores used for trimming: 8
Quality Phred score cutoff: 20
Quality encoding type selected: ASCII+33
Using Illumina adapter for trimming (count: 514464). Second best hit was Nextera (count: 8)
Adapter sequence: 'AGATCGGAAGAGC' (Illumina TruSeq, Sanger iPCR; auto-detected)
Maximum trimming error rate: 0.1 (default)
Minimum required adapter overlap (stringency): 1 bp
Minimum required sequence length for both reads before a sequence pair gets removed: 20 bp
Running FastQC on the data once trimming has completed
Running FastQC with the following extra arguments: -t 12
Output file will be GZIP compressed


This is cutadapt 4.9 with Python 3.12.8
Command line parameters: -j 8 -e 0.1 -q 20 -O 1 -a AGATCGGAAGAGC Nac_Sal_5_trimmed_1.fastq.gz
Processing single-end reads on 8 cores ...
Finished in 100.438 s (3.720 µs/read; 16.13 M reads/minute).

=== Summary ===

Total reads processed:              26,997,272
Reads with adapters:                21,209,418 (78.6%)
Reads written (passing filters):    26,997,272 (100.0%)

Total basepairs processed: 4,049,590,800 bp
Quality-trimmed:              61,442,805 bp (1.5%)
Total written (filtered):  3,139,323,687 bp (77.5%)

=== Adapter 1 ===

Sequence: AGATCGGAAGAGC; Type: regular 3'; Length: 13; Trimmed: 21209418 times

Minimum overlap: 1
No. of allowed errors:
1-9 bp: 0; 10-13 bp: 1

Bases preceding removed adapters:
  A: 12.9%
  C: 38.3%
  G: 32.5%
  T: 16.2%
  none/other: 0.0%

Overview of removed sequences
length	count	expect	max.err	error counts
1	2418970	6749318.0	0	2418970
2	773893	1687329.5	0	773893
3	334633	421832.4	0	334633
4	168525	105458.1	0	168525
5	141622	26364.5	0	141622
6	135211	6591.1	0	135211
7	138397	1647.8	0	138397
8	133738	411.9	0	133738
9	132602	103.0	0	132260 342
10	156078	25.7	1	136877 19201
11	151248	6.4	1	133617 17631
12	157688	1.6	1	137862 19826
13	160905	0.4	1	140758 20147
14	162793	0.4	1	142386 20407
15	165402	0.4	1	144571 20831
16	165700	0.4	1	144601 21099
17	170636	0.4	1	148537 22099
18	174467	0.4	1	151908 22559
19	170221	0.4	1	148944 21277
20	172207	0.4	1	150852 21355
21	175007	0.4	1	152635 22372
22	181748	0.4	1	158007 23741
23	182749	0.4	1	160617 22132
24	186642	0.4	1	162967 23675
25	187873	0.4	1	164512 23361
26	188344	0.4	1	165059 23285
27	186415	0.4	1	163269 23146
28	191695	0.4	1	167852 23843
29	186177	0.4	1	163800 22377
30	191176	0.4	1	166327 24849
31	185813	0.4	1	162815 22998
32	192219	0.4	1	168656 23563
33	195049	0.4	1	170909 24140
34	212122	0.4	1	185507 26615
35	206722	0.4	1	180997 25725
36	208657	0.4	1	182424 26233
37	216287	0.4	1	189587 26700
38	211383	0.4	1	183763 27620
39	210325	0.4	1	182467 27858
40	214004	0.4	1	186357 27647
41	223732	0.4	1	194853 28879
42	235274	0.4	1	203620 31654
43	271023	0.4	1	235516 35507
44	197427	0.4	1	172442 24985
45	308826	0.4	1	270068 38758
46	158950	0.4	1	139578 19372
47	222467	0.4	1	195530 26937
48	241278	0.4	1	211640 29638
49	248209	0.4	1	217286 30923
50	237473	0.4	1	205662 31811
51	247130	0.4	1	215489 31641
52	253301	0.4	1	221060 32241
53	241103	0.4	1	209795 31308
54	244957	0.4	1	214049 30908
55	261103	0.4	1	226327 34776
56	236800	0.4	1	206975 29825
57	256040	0.4	1	225943 30097
58	260677	0.4	1	226991 33686
59	249081	0.4	1	216616 32465
60	236141	0.4	1	204717 31424
61	225168	0.4	1	194706 30462
62	217637	0.4	1	188221 29416
63	238695	0.4	1	208026 30669
64	236110	0.4	1	206278 29832
65	221135	0.4	1	191848 29287
66	260963	0.4	1	225871 35092
67	241138	0.4	1	211146 29992
68	231026	0.4	1	200020 31006
69	229130	0.4	1	197288 31842
70	254385	0.4	1	220679 33706
71	316074	0.4	1	266060 50014
72	2249687	0.4	1	1966510 283177
73	564090	0.4	1	487584 76506
74	166080	0.4	1	143398 22682
75	70396	0.4	1	60734 9662
76	46044	0.4	1	39802 6242
77	42778	0.4	1	36964 5814
78	35973	0.4	1	31026 4947
79	32226	0.4	1	27723 4503
80	31940	0.4	1	27458 4482
81	32500	0.4	1	27880 4620
82	31080	0.4	1	26608 4472
83	28580	0.4	1	24226 4354
84	25306	0.4	1	21592 3714
85	23405	0.4	1	20188 3217
86	22835	0.4	1	19650 3185
87	20355	0.4	1	17333 3022
88	19991	0.4	1	17105 2886
89	18819	0.4	1	16229 2590
90	15985	0.4	1	13626 2359
91	14716	0.4	1	12770 1946
92	12629	0.4	1	10729 1900
93	11561	0.4	1	9796 1765
94	10497	0.4	1	8931 1566
95	9100	0.4	1	7828 1272
96	8716	0.4	1	7438 1278
97	8015	0.4	1	6854 1161
98	7108	0.4	1	6039 1069
99	6656	0.4	1	5668 988
100	5558	0.4	1	4752 806
101	4863	0.4	1	4099 764
102	4159	0.4	1	3466 693
103	3534	0.4	1	3013 521
104	2794	0.4	1	2353 441
105	2363	0.4	1	1988 375
106	2260	0.4	1	1900 360
107	1956	0.4	1	1647 309
108	1879	0.4	1	1594 285
109	1795	0.4	1	1530 265
110	1533	0.4	1	1287 246
111	1308	0.4	1	1097 211
112	1018	0.4	1	856 162
113	929	0.4	1	778 151
114	770	0.4	1	632 138
115	604	0.4	1	497 107
116	630	0.4	1	526 104
117	696	0.4	1	567 129
118	563	0.4	1	473 90
119	463	0.4	1	376 87
120	463	0.4	1	389 74
121	407	0.4	1	323 84
122	338	0.4	1	250 88
123	319	0.4	1	256 63
124	199	0.4	1	154 45
125	129	0.4	1	92 37
126	143	0.4	1	109 34
127	139	0.4	1	112 27
128	158	0.4	1	129 29
129	109	0.4	1	77 32
130	113	0.4	1	81 32
131	66	0.4	1	33 33
132	75	0.4	1	48 27
133	55	0.4	1	31 24
134	62	0.4	1	37 25
135	67	0.4	1	37 30
136	67	0.4	1	40 27
137	31	0.4	1	7 24
138	53	0.4	1	14 39
139	30	0.4	1	9 21
140	27	0.4	1	3 24
141	31	0.4	1	7 24
142	21	0.4	1	4 17
143	26	0.4	1	4 22
144	29	0.4	1	5 24
145	28	0.4	1	5 23
146	39	0.4	1	2 37
147	60	0.4	1	4 56
148	57	0.4	1	4 53
149	128	0.4	1	1 127
150	1410	0.4	1	1 1409

RUN STATISTICS FOR INPUT FILE: Nac_Sal_5_trimmed_1.fastq.gz
=============================================
26997272 sequences processed in total

