
SUMMARISING RUN PARAMETERS
==========================
Input filename: Nac_oxy_5_trimmed_2.fastq.gz
Trimming mode: paired-end
Trim Galore version: 0.6.10
Cutadapt version: 4.9
Python version: could not detect
Number of cores used for trimming: 8
Quality Phred score cutoff: 20
Quality encoding type selected: ASCII+33
Using Illumina adapter for trimming (count: 247494). Second best hit was smallRNA (count: 9)
Adapter sequence: 'AGATCGGAAGAGC' (Illumina TruSeq, Sanger iPCR; auto-detected)
Maximum trimming error rate: 0.1 (default)
Minimum required adapter overlap (stringency): 1 bp
Minimum required sequence length for both reads before a sequence pair gets removed: 20 bp
Running FastQC on the data once trimming has completed
Running FastQC with the following extra arguments: -t 12
Output file will be GZIP compressed


This is cutadapt 4.9 with Python 3.12.8
Command line parameters: -j 8 -e 0.1 -q 20 -O 1 -a AGATCGGAAGAGC Nac_oxy_5_trimmed_2.fastq.gz
Processing single-end reads on 8 cores ...
Finished in 108.343 s (4.498 µs/read; 13.34 M reads/minute).

=== Summary ===

Total reads processed:              24,089,362
Reads with adapters:                12,333,694 (51.2%)
Reads written (passing filters):    24,089,362 (100.0%)

Total basepairs processed: 3,613,404,300 bp
Quality-trimmed:              95,579,907 bp (2.6%)
Total written (filtered):  3,216,150,374 bp (89.0%)

=== Adapter 1 ===

Sequence: AGATCGGAAGAGC; Type: regular 3'; Length: 13; Trimmed: 12333694 times

Minimum overlap: 1
No. of allowed errors:
1-9 bp: 0; 10-13 bp: 1

Bases preceding removed adapters:
  A: 16.3%
  C: 28.4%
  G: 43.6%
  T: 11.5%
  none/other: 0.2%

Overview of removed sequences
length	count	expect	max.err	error counts
1	3221916	6022340.5	0	3221916
2	1191638	1505585.1	0	1191638
3	423288	376396.3	0	423288
4	163490	94099.1	0	163490
5	125623	23524.8	0	125623
6	123639	5881.2	0	123639
7	120117	1470.3	0	120117
8	109346	367.6	0	109346
9	109993	91.9	0	109579 414
10	121762	23.0	1	110852 10910
11	108227	5.7	1	98655 9572
12	116281	1.4	1	104608 11673
13	120517	0.4	1	108007 12510
14	151998	0.4	1	134935 17063
15	95394	0.4	1	86810 8584
16	118431	0.4	1	107116 11315
17	115156	0.4	1	104769 10387
18	82701	0.4	1	75960 6741
19	110222	0.4	1	99887 10335
20	95220	0.4	1	86756 8464
21	98511	0.4	1	90401 8110
22	105146	0.4	1	95577 9569
23	111971	0.4	1	101706 10265
24	125297	0.4	1	112647 12650
25	94256	0.4	1	86380 7876
26	101205	0.4	1	93003 8202
27	95605	0.4	1	87953 7652
28	112483	0.4	1	102893 9590
29	94691	0.4	1	87571 7120
30	136202	0.4	1	124559 11643
31	76556	0.4	1	71710 4846
32	110593	0.4	1	101979 8614
33	97527	0.4	1	90635 6892
34	93922	0.4	1	87870 6052
35	96581	0.4	1	89720 6861
36	108725	0.4	1	100270 8455
37	99435	0.4	1	93030 6405
38	85524	0.4	1	80448 5076
39	90414	0.4	1	85337 5077
40	98146	0.4	1	91701 6445
41	101178	0.4	1	94395 6783
42	108262	0.4	1	100380 7882
43	83934	0.4	1	79058 4876
44	99100	0.4	1	92642 6458
45	87192	0.4	1	82033 5159
46	88544	0.4	1	83448 5096
47	92655	0.4	1	86918 5737
48	86223	0.4	1	81193 5030
49	90280	0.4	1	84868 5412
50	94344	0.4	1	88520 5824
51	90762	0.4	1	85495 5267
52	89942	0.4	1	84666 5276
53	96807	0.4	1	90763 6044
54	97339	0.4	1	91547 5792
55	83733	0.4	1	79308 4425
56	93951	0.4	1	88335 5616
57	90721	0.4	1	85192 5529
58	82265	0.4	1	77482 4783
59	79425	0.4	1	75109 4316
60	87810	0.4	1	82395 5415
61	76372	0.4	1	72192 4180
62	70866	0.4	1	67138 3728
63	92681	0.4	1	87769 4912
64	49698	0.4	1	47241 2457
65	67657	0.4	1	64276 3381
66	63245	0.4	1	60189 3056
67	66866	0.4	1	63420 3446
68	67563	0.4	1	64023 3540
69	67024	0.4	1	63538 3486
70	62084	0.4	1	58769 3315
71	63634	0.4	1	60430 3204
72	63609	0.4	1	60548 3061
73	63812	0.4	1	60550 3262
74	67664	0.4	1	63793 3871
75	93249	0.4	1	73820 19429
76	441220	0.4	1	419878 21342
77	67217	0.4	1	62878 4339
78	16367	0.4	1	15098 1269
79	8489	0.4	1	7738 751
80	7349	0.4	1	6772 577
81	6907	0.4	1	6396 511
82	6174	0.4	1	5760 414
83	5515	0.4	1	5132 383
84	5551	0.4	1	5196 355
85	5162	0.4	1	4810 352
86	5273	0.4	1	4916 357
87	4782	0.4	1	4489 293
88	4116	0.4	1	3823 293
89	3478	0.4	1	3261 217
90	3330	0.4	1	3099 231
91	2711	0.4	1	2530 181
92	2141	0.4	1	1993 148
93	1981	0.4	1	1827 154
94	1687	0.4	1	1552 135
95	1466	0.4	1	1336 130
96	1442	0.4	1	1320 122
97	1186	0.4	1	1082 104
98	1090	0.4	1	1003 87
99	956	0.4	1	872 84
100	859	0.4	1	782 77
101	793	0.4	1	726 67
102	621	0.4	1	550 71
103	493	0.4	1	434 59
104	446	0.4	1	391 55
105	405	0.4	1	347 58
106	347	0.4	1	312 35
107	304	0.4	1	271 33
108	295	0.4	1	257 38
109	253	0.4	1	225 28
110	220	0.4	1	188 32
111	179	0.4	1	141 38
112	154	0.4	1	119 35
113	131	0.4	1	95 36
114	97	0.4	1	80 17
115	96	0.4	1	72 24
116	82	0.4	1	62 20
117	95	0.4	1	65 30
118	78	0.4	1	52 26
119	64	0.4	1	42 22
120	66	0.4	1	44 22
121	48	0.4	1	25 23
122	69	0.4	1	41 28
123	59	0.4	1	35 24
124	38	0.4	1	20 18
125	29	0.4	1	13 16
126	29	0.4	1	13 16
127	43	0.4	1	19 24
128	44	0.4	1	21 23
129	34	0.4	1	13 21
130	32	0.4	1	14 18
131	22	0.4	1	7 15
132	28	0.4	1	14 14
133	27	0.4	1	11 16
134	22	0.4	1	9 13
135	36	0.4	1	16 20
136	44	0.4	1	19 25
137	13	0.4	1	4 9
138	15	0.4	1	3 12
139	18	0.4	1	3 15
140	15	0.4	1	4 11
141	15	0.4	1	2 13
142	13	0.4	1	0 13
143	7	0.4	1	0 7
144	9	0.4	1	0 9
145	29	0.4	1	3 26
146	7	0.4	1	0 7
147	43	0.4	1	2 41
148	33	0.4	1	0 33
149	131	0.4	1	0 131
150	2834	0.4	1	6 2828

RUN STATISTICS FOR INPUT FILE: Nac_oxy_5_trimmed_2.fastq.gz
=============================================
24089362 sequences processed in total

Total number of sequences analysed for the sequence pair length validation: 24089362

Number of sequence pairs removed because at least one read was shorter than the length cutoff (20 bp): 111334 (0.46%)
