
SUMMARISING RUN PARAMETERS
==========================
Input filename: Nac_Sal_6_trimmed_2.fastq.gz
Trimming mode: paired-end
Trim Galore version: 0.6.10
Cutadapt version: 4.9
Python version: could not detect
Number of cores used for trimming: 8
Quality Phred score cutoff: 20
Quality encoding type selected: ASCII+33
Using Illumina adapter for trimming (count: 201382). Second best hit was Nextera (count: 14)
Adapter sequence: 'AGATCGGAAGAGC' (Illumina TruSeq, Sanger iPCR; auto-detected)
Maximum trimming error rate: 0.1 (default)
Minimum required adapter overlap (stringency): 1 bp
Minimum required sequence length for both reads before a sequence pair gets removed: 20 bp
Running FastQC on the data once trimming has completed
Running FastQC with the following extra arguments: -t 12
Output file will be GZIP compressed


This is cutadapt 4.9 with Python 3.12.8
Command line parameters: -j 8 -e 0.1 -q 20 -O 1 -a AGATCGGAAGAGC Nac_Sal_6_trimmed_2.fastq.gz
Processing single-end reads on 8 cores ...
Finished in 136.023 s (4.995 µs/read; 12.01 M reads/minute).

=== Summary ===

Total reads processed:              27,230,339
Reads with adapters:                14,112,748 (51.8%)
Reads written (passing filters):    27,230,339 (100.0%)

Total basepairs processed: 4,084,550,850 bp
Quality-trimmed:             111,454,201 bp (2.7%)
Total written (filtered):  3,705,472,687 bp (90.7%)

=== Adapter 1 ===

Sequence: AGATCGGAAGAGC; Type: regular 3'; Length: 13; Trimmed: 14112748 times

Minimum overlap: 1
No. of allowed errors:
1-9 bp: 0; 10-13 bp: 1

Bases preceding removed adapters:
  A: 19.9%
  C: 30.9%
  G: 36.0%
  T: 12.6%
  none/other: 0.6%

Overview of removed sequences
length	count	expect	max.err	error counts
1	4732383	6807584.8	0	4732383
2	1546979	1701896.2	0	1546979
3	553615	425474.0	0	553615
4	214504	106368.5	0	214504
5	154765	26592.1	0	154765
6	145898	6648.0	0	145898
7	136372	1662.0	0	136372
8	128358	415.5	0	128358
9	128019	103.9	0	127301 718
10	136079	26.0	1	123841 12238
11	129407	6.5	1	117995 11412
12	133652	1.6	1	120765 12887
13	139045	0.4	1	124774 14271
14	161457	0.4	1	144536 16921
15	111816	0.4	1	102013 9803
16	136515	0.4	1	123512 13003
17	120976	0.4	1	110507 10469
18	103819	0.4	1	94974 8845
19	119295	0.4	1	108645 10650
20	114536	0.4	1	104224 10312
21	111824	0.4	1	102371 9453
22	120194	0.4	1	109416 10778
23	122251	0.4	1	111436 10815
24	119161	0.4	1	108152 11009
25	116151	0.4	1	106017 10134
26	114833	0.4	1	105040 9793
27	111763	0.4	1	102343 9420
28	116162	0.4	1	106232 9930
29	105161	0.4	1	97166 7995
30	127412	0.4	1	116478 10934
31	90296	0.4	1	84277 6019
32	114484	0.4	1	106062 8422
33	102645	0.4	1	95526 7119
34	110817	0.4	1	102286 8531
35	103954	0.4	1	96390 7564
36	110922	0.4	1	102753 8169
37	84202	0.4	1	79021 5181
38	101176	0.4	1	94464 6712
39	85377	0.4	1	80179 5198
40	88742	0.4	1	83701 5041
41	87550	0.4	1	82345 5205
42	91136	0.4	1	85495 5641
43	88005	0.4	1	82726 5279
44	86820	0.4	1	81352 5468
45	89958	0.4	1	84097 5861
46	86472	0.4	1	81144 5328
47	85413	0.4	1	79992 5421
48	79400	0.4	1	74716 4684
49	81691	0.4	1	76774 4917
50	82731	0.4	1	77727 5004
51	78850	0.4	1	74295 4555
52	78763	0.4	1	74007 4756
53	84778	0.4	1	79576 5202
54	80361	0.4	1	75452 4909
55	69465	0.4	1	65615 3850
56	77219	0.4	1	72547 4672
57	73119	0.4	1	68824 4295
58	65885	0.4	1	62014 3871
59	62535	0.4	1	59010 3525
60	68496	0.4	1	64421 4075
61	59068	0.4	1	55754 3314
62	56682	0.4	1	53601 3081
63	71939	0.4	1	67880 4059
64	40372	0.4	1	38217 2155
65	51861	0.4	1	49397 2464
66	48966	0.4	1	46478 2488
67	52034	0.4	1	49213 2821
68	48922	0.4	1	46196 2726
69	47956	0.4	1	45446 2510
70	46101	0.4	1	43637 2464
71	44296	0.4	1	41932 2364
72	42516	0.4	1	40340 2176
73	42548	0.4	1	40298 2250
74	46329	0.4	1	43086 3243
75	99051	0.4	1	47626 51425
76	285811	0.4	1	261290 24521
77	44017	0.4	1	38572 5445
78	11331	0.4	1	9406 1925
79	6249	0.4	1	5137 1112
80	5055	0.4	1	4243 812
81	4594	0.4	1	3982 612
82	4020	0.4	1	3542 478
83	3812	0.4	1	3373 439
84	3879	0.4	1	3469 410
85	3601	0.4	1	3160 441
86	3559	0.4	1	3159 400
87	3095	0.4	1	2749 346
88	2651	0.4	1	2372 279
89	2266	0.4	1	1992 274
90	1979	0.4	1	1748 231
91	1755	0.4	1	1555 200
92	1363	0.4	1	1223 140
93	1330	0.4	1	1134 196
94	1088	0.4	1	914 174
95	963	0.4	1	826 137
96	909	0.4	1	762 147
97	775	0.4	1	641 134
98	671	0.4	1	537 134
99	615	0.4	1	510 105
100	565	0.4	1	462 103
101	542	0.4	1	450 92
102	465	0.4	1	364 101
103	388	0.4	1	294 94
104	281	0.4	1	210 71
105	264	0.4	1	197 67
106	225	0.4	1	159 66
107	222	0.4	1	161 61
108	190	0.4	1	125 65
109	227	0.4	1	137 90
110	162	0.4	1	99 63
111	149	0.4	1	83 66
112	124	0.4	1	60 64
113	111	0.4	1	54 57
114	118	0.4	1	57 61
115	102	0.4	1	39 63
116	66	0.4	1	35 31
117	91	0.4	1	38 53
118	101	0.4	1	41 60
119	64	0.4	1	32 32
120	72	0.4	1	32 40
121	88	0.4	1	20 68
122	49	0.4	1	18 31
123	46	0.4	1	21 25
124	49	0.4	1	15 34
125	64	0.4	1	12 52
126	47	0.4	1	12 35
127	63	0.4	1	16 47
128	43	0.4	1	5 38
129	52	0.4	1	9 43
130	59	0.4	1	15 44
131	35	0.4	1	9 26
132	47	0.4	1	12 35
133	55	0.4	1	7 48
134	32	0.4	1	4 28
135	33	0.4	1	7 26
136	34	0.4	1	6 28
137	46	0.4	1	7 39
138	21	0.4	1	3 18
139	15	0.4	1	1 14
140	28	0.4	1	7 21
141	62	0.4	1	6 56
142	23	0.4	1	3 20
143	27	0.4	1	1 26
144	24	0.4	1	1 23
145	59	0.4	1	4 55
146	49	0.4	1	1 48
147	127	0.4	1	2 125
148	95	0.4	1	1 94
149	412	0.4	1	1 411
150	8742	0.4	1	3 8739

RUN STATISTICS FOR INPUT FILE: Nac_Sal_6_trimmed_2.fastq.gz
=============================================
27230339 sequences processed in total

Total number of sequences analysed for the sequence pair length validation: 27230339

Number of sequence pairs removed because at least one read was shorter than the length cutoff (20 bp): 182778 (0.67%)
