
SUMMARISING RUN PARAMETERS
==========================
Input filename: Nac_oxy_7_trimmed_1.fastq.gz
Trimming mode: paired-end
Trim Galore version: 0.6.10
Cutadapt version: 4.9
Python version: could not detect
Number of cores used for trimming: 8
Quality Phred score cutoff: 20
Quality encoding type selected: ASCII+33
Using Illumina adapter for trimming (count: 434374). Second best hit was Nextera (count: 14)
Adapter sequence: 'AGATCGGAAGAGC' (Illumina TruSeq, Sanger iPCR; auto-detected)
Maximum trimming error rate: 0.1 (default)
Minimum required adapter overlap (stringency): 1 bp
Minimum required sequence length for both reads before a sequence pair gets removed: 20 bp
Running FastQC on the data once trimming has completed
Running FastQC with the following extra arguments: -t 12
Output file will be GZIP compressed


This is cutadapt 4.9 with Python 3.12.8
Command line parameters: -j 8 -e 0.1 -q 20 -O 1 -a AGATCGGAAGAGC Nac_oxy_7_trimmed_1.fastq.gz
Processing single-end reads on 8 cores ...
Finished in 94.623 s (4.136 µs/read; 14.51 M reads/minute).

=== Summary ===

Total reads processed:              22,879,468
Reads with adapters:                16,093,547 (70.3%)
Reads written (passing filters):    22,879,468 (100.0%)

Total basepairs processed: 3,431,920,200 bp
Quality-trimmed:              30,354,273 bp (0.9%)
Total written (filtered):  2,872,925,814 bp (83.7%)

=== Adapter 1 ===

Sequence: AGATCGGAAGAGC; Type: regular 3'; Length: 13; Trimmed: 16093547 times

Minimum overlap: 1
No. of allowed errors:
1-9 bp: 0; 10-13 bp: 1

Bases preceding removed adapters:
  A: 15.4%
  C: 28.4%
  G: 39.6%
  T: 16.5%
  none/other: 0.1%

Overview of removed sequences
length	count	expect	max.err	error counts
1	2774428	5719867.0	0	2774428
2	915527	1429966.8	0	915527
3	383746	357491.7	0	383746
4	174493	89372.9	0	174493
5	138856	22343.2	0	138856
6	133053	5585.8	0	133053
7	135425	1396.5	0	135425
8	130452	349.1	0	130452
9	132326	87.3	0	131789 537
10	139756	21.8	1	133507 6249
11	137486	5.5	1	131092 6394
12	140645	1.4	1	133224 7421
13	141754	0.3	1	134261 7493
14	143880	0.3	1	136016 7864
15	140857	0.3	1	133491 7366
16	141224	0.3	1	133583 7641
17	144495	0.3	1	136129 8366
18	147357	0.3	1	138931 8426
19	145186	0.3	1	137883 7303
20	146009	0.3	1	138469 7540
21	147137	0.3	1	139659 7478
22	153692	0.3	1	145302 8390
23	147285	0.3	1	139681 7604
24	149153	0.3	1	141162 7991
25	150766	0.3	1	142878 7888
26	146738	0.3	1	139616 7122
27	147591	0.3	1	140088 7503
28	148385	0.3	1	140788 7597
29	150312	0.3	1	142896 7416
30	153768	0.3	1	145625 8143
31	151154	0.3	1	143786 7368
32	161195	0.3	1	153227 7968
33	154094	0.3	1	146655 7439
34	157949	0.3	1	150107 7842
35	156133	0.3	1	148236 7897
36	156614	0.3	1	149060 7554
37	156861	0.3	1	149099 7762
38	152019	0.3	1	144651 7368
39	153005	0.3	1	145485 7520
40	157775	0.3	1	149963 7812
41	158798	0.3	1	151085 7713
42	160301	0.3	1	151986 8315
43	168307	0.3	1	159379 8928
44	157415	0.3	1	149900 7515
45	207019	0.3	1	197163 9856
46	112422	0.3	1	107391 5031
47	140260	0.3	1	134404 5856
48	153083	0.3	1	146047 7036
49	156149	0.3	1	149119 7030
50	155264	0.3	1	148266 6998
51	159884	0.3	1	152622 7262
52	159252	0.3	1	152309 6943
53	154338	0.3	1	147472 6866
54	154780	0.3	1	147767 7013
55	160097	0.3	1	152701 7396
56	150647	0.3	1	144230 6417
57	154728	0.3	1	148719 6009
58	151474	0.3	1	145136 6338
59	146457	0.3	1	140457 6000
60	139593	0.3	1	133941 5652
61	134944	0.3	1	129590 5354
62	136140	0.3	1	130698 5442
63	142624	0.3	1	136711 5913
64	140797	0.3	1	135191 5606
65	132340	0.3	1	127187 5153
66	144152	0.3	1	138022 6130
67	133961	0.3	1	128709 5252
68	128521	0.3	1	123387 5134
69	129247	0.3	1	123832 5415
70	140225	0.3	1	133777 6448
71	187095	0.3	1	164968 22127
72	1195387	0.3	1	1160277 35110
73	282501	0.3	1	271004 11497
74	85002	0.3	1	80886 4116
75	37711	0.3	1	35791 1920
76	26416	0.3	1	25068 1348
77	22859	0.3	1	21735 1124
78	19200	0.3	1	18286 914
79	18319	0.3	1	17417 902
80	17841	0.3	1	16914 927
81	17873	0.3	1	16975 898
82	16890	0.3	1	16029 861
83	15475	0.3	1	14722 753
84	14214	0.3	1	13527 687
85	13151	0.3	1	12508 643
86	13081	0.3	1	12450 631
87	11545	0.3	1	10946 599
88	11850	0.3	1	11284 566
89	10616	0.3	1	10090 526
90	8730	0.3	1	8257 473
91	8054	0.3	1	7647 407
92	6939	0.3	1	6588 351
93	5914	0.3	1	5625 289
94	5123	0.3	1	4864 259
95	4691	0.3	1	4475 216
96	4400	0.3	1	4148 252
97	3870	0.3	1	3651 219
98	3478	0.3	1	3258 220
99	3117	0.3	1	2928 189
100	2687	0.3	1	2533 154
101	2300	0.3	1	2171 129
102	1690	0.3	1	1600 90
103	1436	0.3	1	1350 86
104	1137	0.3	1	1044 93
105	944	0.3	1	846 98
106	822	0.3	1	753 69
107	743	0.3	1	670 73
108	731	0.3	1	665 66
109	623	0.3	1	565 58
110	516	0.3	1	466 50
111	408	0.3	1	362 46
112	336	0.3	1	281 55
113	292	0.3	1	247 45
114	220	0.3	1	186 34
115	203	0.3	1	163 40
116	161	0.3	1	125 36
117	197	0.3	1	164 33
118	151	0.3	1	118 33
119	135	0.3	1	103 32
120	107	0.3	1	82 25
121	118	0.3	1	73 45
122	88	0.3	1	68 20
123	87	0.3	1	53 34
124	61	0.3	1	38 23
125	60	0.3	1	32 28
126	39	0.3	1	22 17
127	45	0.3	1	17 28
128	46	0.3	1	26 20
129	50	0.3	1	15 35
130	45	0.3	1	15 30
131	32	0.3	1	9 23
132	41	0.3	1	9 32
133	34	0.3	1	9 25
134	45	0.3	1	18 27
135	61	0.3	1	14 47
136	102	0.3	1	15 87
137	52	0.3	1	2 50
138	36	0.3	1	3 33
139	21	0.3	1	1 20
140	21	0.3	1	3 18
141	29	0.3	1	2 27
142	25	0.3	1	3 22
143	26	0.3	1	0 26
144	38	0.3	1	1 37
145	55	0.3	1	6 49
146	50	0.3	1	0 50
147	73	0.3	1	1 72
148	81	0.3	1	2 79
149	240	0.3	1	0 240
150	2865	0.3	1	5 2860

RUN STATISTICS FOR INPUT FILE: Nac_oxy_7_trimmed_1.fastq.gz
=============================================
22879468 sequences processed in total

