
SUMMARISING RUN PARAMETERS
==========================
Input filename: Nac_oxy_1_trimmed_2.fastq.gz
Trimming mode: paired-end
Trim Galore version: 0.6.10
Cutadapt version: 4.9
Python version: could not detect
Number of cores used for trimming: 8
Quality Phred score cutoff: 20
Quality encoding type selected: ASCII+33
Using Illumina adapter for trimming (count: 649195). Second best hit was smallRNA (count: 5)
Adapter sequence: 'AGATCGGAAGAGC' (Illumina TruSeq, Sanger iPCR; auto-detected)
Maximum trimming error rate: 0.1 (default)
Minimum required adapter overlap (stringency): 1 bp
Minimum required sequence length for both reads before a sequence pair gets removed: 20 bp
Running FastQC on the data once trimming has completed
Running FastQC with the following extra arguments: -t 12
Output file will be GZIP compressed


This is cutadapt 4.9 with Python 3.12.8
Command line parameters: -j 8 -e 0.1 -q 20 -O 1 -a AGATCGGAAGAGC Nac_oxy_1_trimmed_2.fastq.gz
Processing single-end reads on 8 cores ...
Finished in 76.154 s (2.907 µs/read; 20.64 M reads/minute).

=== Summary ===

Total reads processed:              26,198,436
Reads with adapters:                22,418,665 (85.6%)
Reads written (passing filters):    26,198,436 (100.0%)

Total basepairs processed: 3,929,765,400 bp
Quality-trimmed:             186,136,984 bp (4.7%)
Total written (filtered):  2,598,069,362 bp (66.1%)

=== Adapter 1 ===

Sequence: AGATCGGAAGAGC; Type: regular 3'; Length: 13; Trimmed: 22418665 times

Minimum overlap: 1
No. of allowed errors:
1-9 bp: 0; 10-13 bp: 1

Bases preceding removed adapters:
  A: 7.8%
  C: 44.0%
  G: 41.0%
  T: 7.1%
  none/other: 0.1%

Overview of removed sequences
length	count	expect	max.err	error counts
1	1506704	6549609.0	0	1506704
2	419654	1637402.2	0	419654
3	158439	409350.6	0	158439
4	73595	102337.6	0	73595
5	73255	25584.4	0	73255
6	66742	6396.1	0	66742
7	78431	1599.0	0	78431
8	62819	399.8	0	62819
9	58354	99.9	0	58005 349
10	83649	25.0	1	64302 19347
11	69558	6.2	1	55040 14518
12	79524	1.6	1	60840 18684
13	92336	0.4	1	70084 22252
14	157377	0.4	1	115712 41665
15	67720	0.4	1	53572 14148
16	100820	0.4	1	77538 23282
17	111445	0.4	1	84293 27152
18	61344	0.4	1	48949 12395
19	105641	0.4	1	81024 24617
20	77326	0.4	1	59717 17609
21	81683	0.4	1	64875 16808
22	102473	0.4	1	78967 23506
23	126856	0.4	1	97460 29396
24	181876	0.4	1	133713 48163
25	101608	0.4	1	79260 22348
26	112434	0.4	1	88130 24304
27	105268	0.4	1	83268 22000
28	150621	0.4	1	117405 33216
29	110340	0.4	1	88506 21834
30	208623	0.4	1	161928 46695
31	77342	0.4	1	63147 14195
32	153109	0.4	1	121012 32097
33	129409	0.4	1	104642 24767
34	139107	0.4	1	114271 24836
35	163337	0.4	1	128960 34377
36	242617	0.4	1	185162 57455
37	179775	0.4	1	143301 36474
38	142370	0.4	1	114472 27898
39	154942	0.4	1	125447 29495
40	193830	0.4	1	156254 37576
41	220780	0.4	1	176655 44125
42	304448	0.4	1	232350 72098
43	186722	0.4	1	148817 37905
44	281377	0.4	1	220020 61357
45	229677	0.4	1	187200 42477
46	248963	0.4	1	206725 42238
47	321578	0.4	1	264840 56738
48	305518	0.4	1	254856 50662
49	320905	0.4	1	267592 53313
50	324500	0.4	1	263867 60633
51	309013	0.4	1	252875 56138
52	336252	0.4	1	274408 61844
53	336371	0.4	1	267815 68556
54	392567	0.4	1	316493 76074
55	272362	0.4	1	223786 48576
56	365324	0.4	1	296236 69088
57	430168	0.4	1	348111 82057
58	343893	0.4	1	276522 67371
59	336687	0.4	1	273740 62947
60	396264	0.4	1	319379 76885
61	319027	0.4	1	259479 59548
62	296614	0.4	1	240790 55824
63	469304	0.4	1	388265 81039
64	193685	0.4	1	163668 30017
65	288376	0.4	1	240055 48321
66	298118	0.4	1	247478 50640
67	403512	0.4	1	333470 70042
68	352346	0.4	1	283080 69266
69	328637	0.4	1	265833 62804
70	328233	0.4	1	271857 56376
71	340707	0.4	1	283871 56836
72	346463	0.4	1	286651 59812
73	366538	0.4	1	302263 64275
74	450350	0.4	1	377991 72359
75	539669	0.4	1	434858 104811
76	3118617	0.4	1	2628784 489833
77	562974	0.4	1	468172 94802
78	131571	0.4	1	107948 23623
79	59835	0.4	1	48853 10982
80	50722	0.4	1	41071 9651
81	53977	0.4	1	44202 9775
82	45277	0.4	1	36862 8415
83	38747	0.4	1	30328 8419
84	36920	0.4	1	29596 7324
85	32755	0.4	1	26886 5869
86	33104	0.4	1	27260 5844
87	29983	0.4	1	24133 5850
88	28218	0.4	1	23145 5073
89	28130	0.4	1	23543 4587
90	21781	0.4	1	17342 4439
91	19557	0.4	1	16453 3104
92	16249	0.4	1	13488 2761
93	15907	0.4	1	12996 2911
94	14532	0.4	1	12170 2362
95	11995	0.4	1	9899 2096
96	12439	0.4	1	10347 2092
97	11602	0.4	1	9703 1899
98	9099	0.4	1	7417 1682
99	9066	0.4	1	7587 1479
100	7895	0.4	1	6614 1281
101	6769	0.4	1	5583 1186
102	5882	0.4	1	4770 1112
103	5043	0.4	1	4176 867
104	4132	0.4	1	3431 701
105	3846	0.4	1	3190 656
106	4011	0.4	1	3332 679
107	3772	0.4	1	3171 601
108	3790	0.4	1	3153 637
109	3693	0.4	1	3151 542
110	3132	0.4	1	2570 562
111	2611	0.4	1	2193 418
112	2077	0.4	1	1739 338
113	2050	0.4	1	1738 312
114	1593	0.4	1	1300 293
115	1529	0.4	1	1282 247
116	1586	0.4	1	1341 245
117	1768	0.4	1	1508 260
118	1498	0.4	1	1226 272
119	1234	0.4	1	1034 200
120	1212	0.4	1	1025 187
121	1178	0.4	1	984 194
122	873	0.4	1	741 132
123	947	0.4	1	789 158
124	656	0.4	1	538 118
125	467	0.4	1	371 96
126	459	0.4	1	379 80
127	333	0.4	1	276 57
128	377	0.4	1	331 46
129	289	0.4	1	229 60
130	232	0.4	1	203 29
131	174	0.4	1	141 33
132	99	0.4	1	80 19
133	71	0.4	1	49 22
134	55	0.4	1	42 13
135	53	0.4	1	38 15
136	162	0.4	1	135 27
137	38	0.4	1	18 20
138	48	0.4	1	22 26
139	14	0.4	1	7 7
140	14	0.4	1	4 10
141	14	0.4	1	2 12
142	9	0.4	1	2 7
143	10	0.4	1	0 10
144	17	0.4	1	0 17
145	21	0.4	1	1 20
146	10	0.4	1	1 9
147	25	0.4	1	0 25
148	25	0.4	1	1 24
149	101	0.4	1	1 100
150	2413	0.4	1	0 2413

RUN STATISTICS FOR INPUT FILE: Nac_oxy_1_trimmed_2.fastq.gz
=============================================
26198436 sequences processed in total

Total number of sequences analysed for the sequence pair length validation: 26198436

Number of sequence pairs removed because at least one read was shorter than the length cutoff (20 bp): 130734 (0.50%)
