
SUMMARISING RUN PARAMETERS
==========================
Input filename: Nac_oxy_4_trimmed_1.fastq.gz
Trimming mode: paired-end
Trim Galore version: 0.6.10
Cutadapt version: 4.9
Python version: could not detect
Number of cores used for trimming: 8
Quality Phred score cutoff: 20
Quality encoding type selected: ASCII+33
Using Illumina adapter for trimming (count: 243270). Second best hit was Nextera (count: 26)
Adapter sequence: 'AGATCGGAAGAGC' (Illumina TruSeq, Sanger iPCR; auto-detected)
Maximum trimming error rate: 0.1 (default)
Minimum required adapter overlap (stringency): 1 bp
Minimum required sequence length for both reads before a sequence pair gets removed: 20 bp
Running FastQC on the data once trimming has completed
Running FastQC with the following extra arguments: -t 12
Output file will be GZIP compressed


This is cutadapt 4.9 with Python 3.12.8
Command line parameters: -j 8 -e 0.1 -q 20 -O 1 -a AGATCGGAAGAGC Nac_oxy_4_trimmed_1.fastq.gz
Processing single-end reads on 8 cores ...
Finished in 100.037 s (4.648 µs/read; 12.91 M reads/minute).

=== Summary ===

Total reads processed:              21,521,303
Reads with adapters:                12,587,876 (58.5%)
Reads written (passing filters):    21,521,303 (100.0%)

Total basepairs processed: 3,228,195,450 bp
Quality-trimmed:              13,431,147 bp (0.4%)
Total written (filtered):  2,955,023,011 bp (91.5%)

=== Adapter 1 ===

Sequence: AGATCGGAAGAGC; Type: regular 3'; Length: 13; Trimmed: 12587876 times

Minimum overlap: 1
No. of allowed errors:
1-9 bp: 0; 10-13 bp: 1

Bases preceding removed adapters:
  A: 19.7%
  C: 33.5%
  G: 27.6%
  T: 19.2%
  none/other: 0.0%

Overview of removed sequences
length	count	expect	max.err	error counts
1	3656856	5380325.8	0	3656856
2	1151787	1345081.4	0	1151787
3	445441	336270.4	0	445441
4	188018	84067.6	0	188018
5	140981	21016.9	0	140981
6	129719	5254.2	0	129719
7	127867	1313.6	0	127867
8	123165	328.4	0	123165
9	119813	82.1	0	119378 435
10	135830	20.5	1	120801 15029
11	132022	5.1	1	117517 14505
12	135851	1.3	1	119908 15943
13	135146	0.3	1	119536 15610
14	137558	0.3	1	121817 15741
15	137146	0.3	1	121225 15921
16	133478	0.3	1	117741 15737
17	136118	0.3	1	119767 16351
18	134188	0.3	1	117993 16195
19	126430	0.3	1	111749 14681
20	125979	0.3	1	111620 14359
21	126103	0.3	1	111638 14465
22	128379	0.3	1	113312 15067
23	129653	0.3	1	115074 14579
24	130038	0.3	1	115162 14876
25	127734	0.3	1	113109 14625
26	126957	0.3	1	112751 14206
27	122846	0.3	1	108851 13995
28	120572	0.3	1	107018 13554
29	116398	0.3	1	103289 13109
30	116650	0.3	1	103122 13528
31	110278	0.3	1	97686 12592
32	113542	0.3	1	100910 12632
33	111791	0.3	1	99298 12493
34	116701	0.3	1	103567 13134
35	114184	0.3	1	101826 12358
36	111543	0.3	1	99180 12363
37	109450	0.3	1	97294 12156
38	106522	0.3	1	94353 12169
39	101145	0.3	1	89301 11844
40	98045	0.3	1	86697 11348
41	100378	0.3	1	88851 11527
42	102617	0.3	1	90735 11882
43	113305	0.3	1	100394 12911
44	83049	0.3	1	73818 9231
45	125503	0.3	1	112085 13418
46	62999	0.3	1	56544 6455
47	83477	0.3	1	74584 8893
48	88030	0.3	1	78499 9531
49	86062	0.3	1	76826 9236
50	81312	0.3	1	72022 9290
51	81671	0.3	1	72788 8883
52	79418	0.3	1	70715 8703
53	75977	0.3	1	67652 8325
54	75970	0.3	1	68013 7957
55	77425	0.3	1	68628 8797
56	69903	0.3	1	62566 7337
57	71273	0.3	1	64050 7223
58	67414	0.3	1	59819 7595
59	63566	0.3	1	56612 6954
60	59032	0.3	1	52558 6474
61	53315	0.3	1	47445 5870
62	52224	0.3	1	46609 5615
63	55121	0.3	1	49316 5805
64	51994	0.3	1	46506 5488
65	49393	0.3	1	44060 5333
66	55257	0.3	1	49322 5935
67	47917	0.3	1	42999 4918
68	45931	0.3	1	40888 5043
69	43725	0.3	1	38962 4763
70	45064	0.3	1	40189 4875
71	52479	0.3	1	45802 6677
72	310546	0.3	1	279518 31028
73	75336	0.3	1	66939 8397
74	23212	0.3	1	20648 2564
75	10495	0.3	1	9300 1195
76	7185	0.3	1	6390 795
77	6558	0.3	1	5814 744
78	5617	0.3	1	4967 650
79	4705	0.3	1	4129 576
80	4683	0.3	1	4147 536
81	4577	0.3	1	4046 531
82	4171	0.3	1	3678 493
83	3788	0.3	1	3332 456
84	3379	0.3	1	2986 393
85	3102	0.3	1	2741 361
86	2978	0.3	1	2629 349
87	2729	0.3	1	2422 307
88	2676	0.3	1	2379 297
89	2394	0.3	1	2097 297
90	2035	0.3	1	1774 261
91	1812	0.3	1	1598 214
92	1507	0.3	1	1314 193
93	1434	0.3	1	1264 170
94	1199	0.3	1	1059 140
95	1066	0.3	1	901 165
96	1053	0.3	1	912 141
97	915	0.3	1	778 137
98	790	0.3	1	686 104
99	699	0.3	1	603 96
100	570	0.3	1	501 69
101	501	0.3	1	409 92
102	398	0.3	1	340 58
103	290	0.3	1	258 32
104	222	0.3	1	179 43
105	218	0.3	1	171 47
106	195	0.3	1	160 35
107	163	0.3	1	135 28
108	154	0.3	1	118 36
109	119	0.3	1	89 30
110	115	0.3	1	84 31
111	111	0.3	1	75 36
112	92	0.3	1	54 38
113	73	0.3	1	48 25
114	55	0.3	1	33 22
115	55	0.3	1	35 20
116	48	0.3	1	30 18
117	65	0.3	1	47 18
118	34	0.3	1	16 18
119	42	0.3	1	18 24
120	40	0.3	1	23 17
121	45	0.3	1	21 24
122	34	0.3	1	14 20
123	39	0.3	1	21 18
124	37	0.3	1	12 25
125	28	0.3	1	13 15
126	39	0.3	1	15 24
127	27	0.3	1	9 18
128	26	0.3	1	9 17
129	42	0.3	1	17 25
130	43	0.3	1	8 35
131	19	0.3	1	8 11
132	27	0.3	1	9 18
133	20	0.3	1	6 14
134	17	0.3	1	7 10
135	30	0.3	1	14 16
136	33	0.3	1	15 18
137	15	0.3	1	4 11
138	31	0.3	1	4 27
139	16	0.3	1	2 14
140	9	0.3	1	0 9
141	21	0.3	1	2 19
142	13	0.3	1	0 13
143	7	0.3	1	1 6
144	11	0.3	1	1 10
145	34	0.3	1	3 31
146	16	0.3	1	0 16
147	36	0.3	1	0 36
148	25	0.3	1	2 23
149	15	0.3	1	1 14
150	195	0.3	1	0 195

RUN STATISTICS FOR INPUT FILE: Nac_oxy_4_trimmed_1.fastq.gz
=============================================
21521303 sequences processed in total

