
SUMMARISING RUN PARAMETERS
==========================
Input filename: Nac_Sal_3_trimmed_1.fastq.gz
Trimming mode: paired-end
Trim Galore version: 0.6.10
Cutadapt version: 4.9
Python version: could not detect
Number of cores used for trimming: 8
Quality Phred score cutoff: 20
Quality encoding type selected: ASCII+33
Using Illumina adapter for trimming (count: 283125). Second best hit was Nextera (count: 2)
Adapter sequence: 'AGATCGGAAGAGC' (Illumina TruSeq, Sanger iPCR; auto-detected)
Maximum trimming error rate: 0.1 (default)
Minimum required adapter overlap (stringency): 1 bp
Minimum required sequence length for both reads before a sequence pair gets removed: 20 bp
Running FastQC on the data once trimming has completed
Running FastQC with the following extra arguments: -t 12
Output file will be GZIP compressed


This is cutadapt 4.9 with Python 3.12.8
Command line parameters: -j 8 -e 0.1 -q 20 -O 1 -a AGATCGGAAGAGC Nac_Sal_3_trimmed_1.fastq.gz
Processing single-end reads on 8 cores ...
Finished in 72.336 s (2.942 µs/read; 20.40 M reads/minute).

=== Summary ===

Total reads processed:              24,591,295
Reads with adapters:                15,002,112 (61.0%)
Reads written (passing filters):    24,591,295 (100.0%)

Total basepairs processed: 3,688,694,250 bp
Quality-trimmed:              84,188,497 bp (2.3%)
Total written (filtered):  3,179,481,636 bp (86.2%)

=== Adapter 1 ===

Sequence: AGATCGGAAGAGC; Type: regular 3'; Length: 13; Trimmed: 15002112 times

Minimum overlap: 1
No. of allowed errors:
1-9 bp: 0; 10-13 bp: 1

Bases preceding removed adapters:
  A: 18.9%
  C: 34.3%
  G: 31.6%
  T: 14.9%
  none/other: 0.4%

Overview of removed sequences
length	count	expect	max.err	error counts
1	3663934	6147823.8	0	3663934
2	1012798	1536955.9	0	1012798
3	309911	384239.0	0	309911
4	138474	96059.7	0	138474
5	117335	24014.9	0	117335
6	113508	6003.7	0	113508
7	121548	1500.9	0	121548
8	117317	375.2	0	117317
9	114156	93.8	0	113840 316
10	139749	23.5	1	112876 26873
11	136769	5.9	1	113224 23545
12	145652	1.5	1	119896 25756
13	144110	0.4	1	119427 24683
14	129785	0.4	1	105963 23822
15	134567	0.4	1	110866 23701
16	130788	0.4	1	106611 24177
17	132017	0.4	1	108455 23562
18	148507	0.4	1	121280 27227
19	127302	0.4	1	102076 25226
20	138261	0.4	1	113422 24839
21	131989	0.4	1	108850 23139
22	138832	0.4	1	112635 26197
23	141999	0.4	1	115278 26721
24	136499	0.4	1	110033 26466
25	139371	0.4	1	113306 26065
26	137719	0.4	1	111148 26571
27	134958	0.4	1	109668 25290
28	140491	0.4	1	113451 27040
29	132208	0.4	1	104146 28062
30	132587	0.4	1	107034 25553
31	128259	0.4	1	103717 24542
32	133176	0.4	1	107849 25327
33	132690	0.4	1	107366 25324
34	142149	0.4	1	116341 25808
35	135960	0.4	1	109091 26869
36	138594	0.4	1	113092 25502
37	138994	0.4	1	114997 23997
38	144411	0.4	1	117095 27316
39	126751	0.4	1	103086 23665
40	132602	0.4	1	106920 25682
41	129634	0.4	1	104874 24760
42	137020	0.4	1	110729 26291
43	136578	0.4	1	111716 24862
44	130293	0.4	1	105646 24647
45	173000	0.4	1	141461 31539
46	88416	0.4	1	72361 16055
47	111562	0.4	1	90049 21513
48	128822	0.4	1	105658 23164
49	124882	0.4	1	102467 22415
50	118597	0.4	1	96466 22131
51	118554	0.4	1	97099 21455
52	124736	0.4	1	102937 21799
53	119796	0.4	1	97046 22750
54	117561	0.4	1	96104 21457
55	125650	0.4	1	101391 24259
56	116047	0.4	1	94650 21397
57	122942	0.4	1	101739 21203
58	122160	0.4	1	99637 22523
59	111209	0.4	1	89015 22194
60	107475	0.4	1	87285 20190
61	102898	0.4	1	84318 18580
62	103449	0.4	1	84524 18925
63	111162	0.4	1	91346 19816
64	106250	0.4	1	86162 20088
65	95404	0.4	1	76575 18829
66	108586	0.4	1	87674 20912
67	98795	0.4	1	81423 17372
68	94954	0.4	1	77860 17094
69	97241	0.4	1	78995 18246
70	100531	0.4	1	82073 18458
71	154382	0.4	1	98756 55626
72	893804	0.4	1	729994 163810
73	213637	0.4	1	172317 41320
74	63668	0.4	1	50427 13241
75	27129	0.4	1	21323 5806
76	18648	0.4	1	14669 3979
77	17638	0.4	1	14252 3386
78	14208	0.4	1	11354 2854
79	13189	0.4	1	10618 2571
80	12269	0.4	1	9809 2460
81	11726	0.4	1	9385 2341
82	11764	0.4	1	9603 2161
83	10613	0.4	1	8575 2038
84	9668	0.4	1	7888 1780
85	9064	0.4	1	7227 1837
86	9019	0.4	1	7365 1654
87	8030	0.4	1	6450 1580
88	7312	0.4	1	5896 1416
89	7130	0.4	1	5672 1458
90	6069	0.4	1	4874 1195
91	5582	0.4	1	4525 1057
92	4985	0.4	1	4006 979
93	4624	0.4	1	3693 931
94	4062	0.4	1	3261 801
95	3540	0.4	1	2834 706
96	3216	0.4	1	2566 650
97	2809	0.4	1	2254 555
98	2791	0.4	1	2252 539
99	2614	0.4	1	2119 495
100	2456	0.4	1	1923 533
101	2012	0.4	1	1571 441
102	1747	0.4	1	1377 370
103	1393	0.4	1	1093 300
104	1159	0.4	1	891 268
105	927	0.4	1	712 215
106	844	0.4	1	676 168
107	805	0.4	1	640 165
108	750	0.4	1	575 175
109	698	0.4	1	551 147
110	676	0.4	1	508 168
111	571	0.4	1	437 134
112	452	0.4	1	339 113
113	417	0.4	1	307 110
114	298	0.4	1	202 96
115	298	0.4	1	215 83
116	275	0.4	1	207 68
117	309	0.4	1	245 64
118	189	0.4	1	134 55
119	205	0.4	1	139 66
120	208	0.4	1	131 77
121	185	0.4	1	137 48
122	162	0.4	1	111 51
123	167	0.4	1	112 55
124	108	0.4	1	64 44
125	85	0.4	1	57 28
126	103	0.4	1	65 38
127	65	0.4	1	28 37
128	109	0.4	1	66 43
129	79	0.4	1	46 33
130	89	0.4	1	54 35
131	46	0.4	1	22 24
132	64	0.4	1	20 44
133	49	0.4	1	18 31
134	69	0.4	1	36 33
135	52	0.4	1	21 31
136	90	0.4	1	41 49
137	43	0.4	1	7 36
138	54	0.4	1	18 36
139	28	0.4	1	8 20
140	40	0.4	1	5 35
141	57	0.4	1	17 40
142	48	0.4	1	5 43
143	61	0.4	1	11 50
144	91	0.4	1	13 78
145	141	0.4	1	25 116
146	128	0.4	1	3 125
147	187	0.4	1	22 165
148	483	0.4	1	5 478
149	643	0.4	1	2 641
150	7776	0.4	1	16 7760

RUN STATISTICS FOR INPUT FILE: Nac_Sal_3_trimmed_1.fastq.gz
=============================================
24591295 sequences processed in total

