
SUMMARISING RUN PARAMETERS
==========================
Input filename: Nac_oxy_1_trimmed_1.fastq.gz
Trimming mode: paired-end
Trim Galore version: 0.6.10
Cutadapt version: 4.9
Python version: could not detect
Number of cores used for trimming: 8
Quality Phred score cutoff: 20
Quality encoding type selected: ASCII+33
Using Illumina adapter for trimming (count: 649195). Second best hit was smallRNA (count: 5)
Adapter sequence: 'AGATCGGAAGAGC' (Illumina TruSeq, Sanger iPCR; auto-detected)
Maximum trimming error rate: 0.1 (default)
Minimum required adapter overlap (stringency): 1 bp
Minimum required sequence length for both reads before a sequence pair gets removed: 20 bp
Running FastQC on the data once trimming has completed
Running FastQC with the following extra arguments: -t 12
Output file will be GZIP compressed


This is cutadapt 4.9 with Python 3.12.8
Command line parameters: -j 8 -e 0.1 -q 20 -O 1 -a AGATCGGAAGAGC Nac_oxy_1_trimmed_1.fastq.gz
Processing single-end reads on 8 cores ...
Finished in 69.066 s (2.636 µs/read; 22.76 M reads/minute).

=== Summary ===

Total reads processed:              26,198,436
Reads with adapters:                23,205,031 (88.6%)
Reads written (passing filters):    26,198,436 (100.0%)

Total basepairs processed: 3,929,765,400 bp
Quality-trimmed:             123,950,780 bp (3.2%)
Total written (filtered):  2,618,601,669 bp (66.6%)

=== Adapter 1 ===

Sequence: AGATCGGAAGAGC; Type: regular 3'; Length: 13; Trimmed: 23205031 times

Minimum overlap: 1
No. of allowed errors:
1-9 bp: 0; 10-13 bp: 1

Bases preceding removed adapters:
  A: 7.7%
  C: 43.8%
  G: 39.2%
  T: 9.1%
  none/other: 0.1%

Overview of removed sequences
length	count	expect	max.err	error counts
1	1418701	6549609.0	0	1418701
2	332410	1637402.2	0	332410
3	146392	409350.6	0	146392
4	76106	102337.6	0	76106
5	65823	25584.4	0	65823
6	63000	6396.1	0	63000
7	65881	1599.0	0	65881
8	66312	399.8	0	66312
9	65639	99.9	0	65387 252
10	78969	25.0	1	66765 12204
11	76615	6.2	1	66152 10463
12	79758	1.6	1	67480 12278
13	82081	0.4	1	69532 12549
14	85102	0.4	1	72467 12635
15	92034	0.4	1	78453 13581
16	94956	0.4	1	79308 15648
17	100600	0.4	1	84736 15864
18	115307	0.4	1	96704 18603
19	101342	0.4	1	86809 14533
20	108955	0.4	1	91951 17004
21	111134	0.4	1	94564 16570
22	118188	0.4	1	99209 18979
23	129923	0.4	1	111727 18196
24	130316	0.4	1	110464 19852
25	126163	0.4	1	105682 20481
26	129611	0.4	1	109569 20042
27	127712	0.4	1	107578 20134
28	134806	0.4	1	114273 20533
29	136363	0.4	1	116858 19505
30	144225	0.4	1	119973 24252
31	138824	0.4	1	117374 21450
32	144100	0.4	1	122542 21558
33	165479	0.4	1	140021 25458
34	186607	0.4	1	159489 27118
35	188471	0.4	1	156812 31659
36	206813	0.4	1	172570 34243
37	205507	0.4	1	173303 32204
38	215532	0.4	1	176512 39020
39	191285	0.4	1	158875 32410
40	213043	0.4	1	178716 34327
41	221955	0.4	1	188071 33884
42	251307	0.4	1	208575 42732
43	251316	0.4	1	211831 39485
44	249816	0.4	1	209961 39855
45	374693	0.4	1	315364 59329
46	189278	0.4	1	160276 29002
47	281413	0.4	1	239834 41579
48	327869	0.4	1	279774 48095
49	346493	0.4	1	295125 51368
50	311652	0.4	1	259071 52581
51	347319	0.4	1	292754 54565
52	353933	0.4	1	301330 52603
53	306551	0.4	1	255253 51298
54	328713	0.4	1	278637 50076
55	349086	0.4	1	291713 57373
56	322691	0.4	1	272415 50276
57	383732	0.4	1	329674 54058
58	393154	0.4	1	330422 62732
59	377146	0.4	1	317405 59741
60	356456	0.4	1	298770 57686
61	321986	0.4	1	266028 55958
62	304923	0.4	1	251645 53278
63	351384	0.4	1	295909 55475
64	356914	0.4	1	303250 53664
65	345320	0.4	1	288794 56526
66	428864	0.4	1	356799 72065
67	413115	0.4	1	351499 61616
68	375221	0.4	1	306790 68431
69	373084	0.4	1	305702 67382
70	421006	0.4	1	352775 68231
71	539766	0.4	1	432933 106833
72	3846431	0.4	1	3237363 609068
73	961739	0.4	1	800642 161097
74	288049	0.4	1	240220 47829
75	119216	0.4	1	99043 20173
76	80838	0.4	1	67616 13222
77	73767	0.4	1	61671 12096
78	59793	0.4	1	49837 9956
79	51390	0.4	1	42440 8950
80	51755	0.4	1	42848 8907
81	57424	0.4	1	47686 9738
82	53745	0.4	1	44446 9299
83	48285	0.4	1	38871 9414
84	43070	0.4	1	35107 7963
85	39318	0.4	1	32447 6871
86	38450	0.4	1	31847 6603
87	34661	0.4	1	27925 6736
88	33821	0.4	1	27460 6361
89	33747	0.4	1	28115 5632
90	26221	0.4	1	21057 5164
91	24656	0.4	1	20587 4069
92	20669	0.4	1	16909 3760
93	19901	0.4	1	16144 3757
94	17895	0.4	1	14751 3144
95	15537	0.4	1	12859 2678
96	15436	0.4	1	12864 2572
97	14464	0.4	1	11928 2536
98	12096	0.4	1	9929 2167
99	11642	0.4	1	9697 1945
100	9670	0.4	1	7940 1730
101	8274	0.4	1	6785 1489
102	7206	0.4	1	5844 1362
103	6165	0.4	1	5132 1033
104	5205	0.4	1	4315 890
105	4520	0.4	1	3729 791
106	4570	0.4	1	3774 796
107	4324	0.4	1	3607 717
108	4187	0.4	1	3524 663
109	4130	0.4	1	3464 666
110	3498	0.4	1	2906 592
111	3031	0.4	1	2508 523
112	2533	0.4	1	2110 423
113	2541	0.4	1	2112 429
114	1951	0.4	1	1583 368
115	1951	0.4	1	1617 334
116	1968	0.4	1	1661 307
117	2171	0.4	1	1855 316
118	1928	0.4	1	1618 310
119	1607	0.4	1	1333 274
120	1599	0.4	1	1321 278
121	1489	0.4	1	1245 244
122	1087	0.4	1	897 190
123	1120	0.4	1	942 178
124	803	0.4	1	647 156
125	620	0.4	1	498 122
126	511	0.4	1	422 89
127	412	0.4	1	339 73
128	460	0.4	1	395 65
129	394	0.4	1	311 83
130	259	0.4	1	211 48
131	183	0.4	1	131 52
132	121	0.4	1	91 30
133	112	0.4	1	89 23
134	104	0.4	1	81 23
135	84	0.4	1	58 26
136	171	0.4	1	125 46
137	64	0.4	1	34 30
138	66	0.4	1	29 37
139	21	0.4	1	9 12
140	27	0.4	1	6 21
141	18	0.4	1	5 13
142	42	0.4	1	8 34
143	13	0.4	1	1 12
144	35	0.4	1	1 34
145	62	0.4	1	12 50
146	53	0.4	1	1 52
147	77	0.4	1	2 75
148	109	0.4	1	7 102
149	245	0.4	1	1 244
150	2983	0.4	1	3 2980

RUN STATISTICS FOR INPUT FILE: Nac_oxy_1_trimmed_1.fastq.gz
=============================================
26198436 sequences processed in total

