
SUMMARISING RUN PARAMETERS
==========================
Input filename: Nac_Sal_3_trimmed_2.fastq.gz
Trimming mode: paired-end
Trim Galore version: 0.6.10
Cutadapt version: 4.9
Python version: could not detect
Number of cores used for trimming: 8
Quality Phred score cutoff: 20
Quality encoding type selected: ASCII+33
Using Illumina adapter for trimming (count: 283125). Second best hit was Nextera (count: 2)
Adapter sequence: 'AGATCGGAAGAGC' (Illumina TruSeq, Sanger iPCR; auto-detected)
Maximum trimming error rate: 0.1 (default)
Minimum required adapter overlap (stringency): 1 bp
Minimum required sequence length for both reads before a sequence pair gets removed: 20 bp
Running FastQC on the data once trimming has completed
Running FastQC with the following extra arguments: -t 12
Output file will be GZIP compressed


This is cutadapt 4.9 with Python 3.12.8
Command line parameters: -j 8 -e 0.1 -q 20 -O 1 -a AGATCGGAAGAGC Nac_Sal_3_trimmed_2.fastq.gz
Processing single-end reads on 8 cores ...
Finished in 86.286 s (3.509 µs/read; 17.10 M reads/minute).

=== Summary ===

Total reads processed:              24,591,295
Reads with adapters:                14,124,613 (57.4%)
Reads written (passing filters):    24,591,295 (100.0%)

Total basepairs processed: 3,688,694,250 bp
Quality-trimmed:             201,556,684 bp (5.5%)
Total written (filtered):  3,075,159,270 bp (83.4%)

=== Adapter 1 ===

Sequence: AGATCGGAAGAGC; Type: regular 3'; Length: 13; Trimmed: 14124613 times

Minimum overlap: 1
No. of allowed errors:
1-9 bp: 0; 10-13 bp: 1

Bases preceding removed adapters:
  A: 17.7%
  C: 42.6%
  G: 29.0%
  T: 10.3%
  none/other: 0.4%

Overview of removed sequences
length	count	expect	max.err	error counts
1	3359985	6147823.8	0	3359985
2	866509	1536955.9	0	866509
3	314036	384239.0	0	314036
4	127767	96059.7	0	127767
5	130911	24014.9	0	130911
6	116975	6003.7	0	116975
7	121229	1500.9	0	121229
8	107032	375.2	0	107032
9	103414	93.8	0	103087 327
10	134870	23.5	1	106062 28808
11	123194	5.9	1	97782 25412
12	134328	1.5	1	106379 27949
13	145924	0.4	1	113073 32851
14	172326	0.4	1	132564 39762
15	102266	0.4	1	82065 20201
16	132845	0.4	1	103467 29378
17	129494	0.4	1	101786 27708
18	95451	0.4	1	77004 18447
19	127504	0.4	1	100266 27238
20	113800	0.4	1	90065 23735
21	109813	0.4	1	87037 22776
22	126971	0.4	1	99365 27606
23	140430	0.4	1	111910 28520
24	160513	0.4	1	124125 36388
25	116124	0.4	1	92608 23516
26	124578	0.4	1	98330 26248
27	118688	0.4	1	93407 25281
28	145698	0.4	1	115466 30232
29	114374	0.4	1	91274 23100
30	168760	0.4	1	133780 34980
31	84705	0.4	1	68867 15838
32	136168	0.4	1	109231 26937
33	115202	0.4	1	92749 22453
34	124893	0.4	1	100864 24029
35	126176	0.4	1	101687 24489
36	119500	0.4	1	96904 22596
37	142150	0.4	1	114093 28057
38	128614	0.4	1	102377 26237
39	121758	0.4	1	98687 23071
40	122512	0.4	1	99489 23023
41	122083	0.4	1	98514 23569
42	128800	0.4	1	102993 25807
43	121068	0.4	1	97273 23795
44	126747	0.4	1	100710 26037
45	124451	0.4	1	99300 25151
46	126223	0.4	1	102132 24091
47	124234	0.4	1	99240 24994
48	122624	0.4	1	99848 22776
49	122940	0.4	1	99715 23225
50	119414	0.4	1	97066 22348
51	112921	0.4	1	90800 22121
52	120084	0.4	1	96836 23248
53	129337	0.4	1	103078 26259
54	125799	0.4	1	100436 25363
55	106135	0.4	1	86396 19739
56	128397	0.4	1	103789 24608
57	126768	0.4	1	101651 25117
58	115544	0.4	1	92703 22841
59	102738	0.4	1	83716 19022
60	119684	0.4	1	97042 22642
61	101512	0.4	1	82486 19026
62	96122	0.4	1	78185 17937
63	128044	0.4	1	102929 25115
64	67507	0.4	1	55132 12375
65	87441	0.4	1	70837 16604
66	84389	0.4	1	69591 14798
67	95936	0.4	1	78469 17467
68	89054	0.4	1	72441 16613
69	87779	0.4	1	71247 16532
70	81807	0.4	1	66618 15189
71	80289	0.4	1	65654 14635
72	80345	0.4	1	65540 14805
73	86059	0.4	1	70842 15217
74	95838	0.4	1	78166 17672
75	146669	0.4	1	91769 54900
76	762677	0.4	1	622107 140570
77	126370	0.4	1	100644 25726
78	29156	0.4	1	22815 6341
79	13892	0.4	1	10877 3015
80	11768	0.4	1	9238 2530
81	10876	0.4	1	8646 2230
82	10261	0.4	1	8230 2031
83	8826	0.4	1	6795 2031
84	9080	0.4	1	7200 1880
85	8299	0.4	1	6558 1741
86	8847	0.4	1	7091 1756
87	7811	0.4	1	6244 1567
88	6708	0.4	1	5359 1349
89	6402	0.4	1	5142 1260
90	5623	0.4	1	4504 1119
91	4914	0.4	1	3960 954
92	4467	0.4	1	3548 919
93	4341	0.4	1	3524 817
94	3734	0.4	1	2976 758
95	3324	0.4	1	2667 657
96	3167	0.4	1	2542 625
97	2683	0.4	1	2139 544
98	2298	0.4	1	1847 451
99	2306	0.4	1	1884 422
100	2075	0.4	1	1655 420
101	2033	0.4	1	1620 413
102	1600	0.4	1	1221 379
103	1358	0.4	1	1036 322
104	1113	0.4	1	822 291
105	871	0.4	1	651 220
106	832	0.4	1	657 175
107	837	0.4	1	679 158
108	796	0.4	1	619 177
109	751	0.4	1	607 144
110	668	0.4	1	516 152
111	616	0.4	1	473 143
112	445	0.4	1	323 122
113	384	0.4	1	286 98
114	306	0.4	1	228 78
115	303	0.4	1	192 111
116	245	0.4	1	168 77
117	270	0.4	1	207 63
118	207	0.4	1	153 54
119	183	0.4	1	136 47
120	193	0.4	1	130 63
121	163	0.4	1	112 51
122	166	0.4	1	106 60
123	155	0.4	1	109 46
124	123	0.4	1	90 33
125	91	0.4	1	56 35
126	115	0.4	1	81 34
127	88	0.4	1	51 37
128	82	0.4	1	54 28
129	48	0.4	1	29 19
130	89	0.4	1	55 34
131	73	0.4	1	26 47
132	59	0.4	1	30 29
133	40	0.4	1	27 13
134	69	0.4	1	31 38
135	41	0.4	1	13 28
136	84	0.4	1	46 38
137	24	0.4	1	5 19
138	32	0.4	1	14 18
139	22	0.4	1	0 22
140	30	0.4	1	4 26
141	24	0.4	1	10 14
142	17	0.4	1	2 15
143	18	0.4	1	0 18
144	19	0.4	1	0 19
145	43	0.4	1	4 39
146	50	0.4	1	0 50
147	85	0.4	1	2 83
148	217	0.4	1	7 210
149	242	0.4	1	1 241
150	6119	0.4	1	10 6109

RUN STATISTICS FOR INPUT FILE: Nac_Sal_3_trimmed_2.fastq.gz
=============================================
24591295 sequences processed in total

Total number of sequences analysed for the sequence pair length validation: 24591295

Number of sequence pairs removed because at least one read was shorter than the length cutoff (20 bp): 268791 (1.09%)
