
SUMMARISING RUN PARAMETERS
==========================
Input filename: Nac_oxy_4_trimmed_2.fastq.gz
Trimming mode: paired-end
Trim Galore version: 0.6.10
Cutadapt version: 4.9
Python version: could not detect
Number of cores used for trimming: 8
Quality Phred score cutoff: 20
Quality encoding type selected: ASCII+33
Using Illumina adapter for trimming (count: 243270). Second best hit was Nextera (count: 26)
Adapter sequence: 'AGATCGGAAGAGC' (Illumina TruSeq, Sanger iPCR; auto-detected)
Maximum trimming error rate: 0.1 (default)
Minimum required adapter overlap (stringency): 1 bp
Minimum required sequence length for both reads before a sequence pair gets removed: 20 bp
Running FastQC on the data once trimming has completed
Running FastQC with the following extra arguments: -t 12
Output file will be GZIP compressed


This is cutadapt 4.9 with Python 3.12.8
Command line parameters: -j 8 -e 0.1 -q 20 -O 1 -a AGATCGGAAGAGC Nac_oxy_4_trimmed_2.fastq.gz
Processing single-end reads on 8 cores ...
Finished in 113.319 s (5.265 µs/read; 11.40 M reads/minute).

=== Summary ===

Total reads processed:              21,521,303
Reads with adapters:                12,010,660 (55.8%)
Reads written (passing filters):    21,521,303 (100.0%)

Total basepairs processed: 3,228,195,450 bp
Quality-trimmed:              95,292,699 bp (3.0%)
Total written (filtered):  2,885,107,322 bp (89.4%)

=== Adapter 1 ===

Sequence: AGATCGGAAGAGC; Type: regular 3'; Length: 13; Trimmed: 12010660 times

Minimum overlap: 1
No. of allowed errors:
1-9 bp: 0; 10-13 bp: 1

Bases preceding removed adapters:
  A: 17.9%
  C: 34.4%
  G: 32.5%
  T: 15.1%
  none/other: 0.0%

Overview of removed sequences
length	count	expect	max.err	error counts
1	3516507	5380325.8	0	3516507
2	1134770	1345081.4	0	1134770
3	427137	336270.4	0	427137
4	178271	84067.6	0	178271
5	135585	21016.9	0	135585
6	130582	5254.2	0	130582
7	119435	1313.6	0	119435
8	109953	328.4	0	109953
9	110926	82.1	0	110354 572
10	128198	20.5	1	106235 21963
11	121840	5.1	1	101401 20439
12	128097	1.3	1	105468 22629
13	137867	0.3	1	112870 24997
14	170276	0.3	1	138007 32269
15	109711	0.3	1	91014 18697
16	136336	0.3	1	112421 23915
17	123645	0.3	1	102257 21388
18	94987	0.3	1	79301 15686
19	118820	0.3	1	98365 20455
20	106094	0.3	1	87698 18396
21	105449	0.3	1	88018 17431
22	117232	0.3	1	97057 20175
23	129374	0.3	1	106923 22451
24	145795	0.3	1	118849 26946
25	107687	0.3	1	90248 17439
26	115253	0.3	1	96577 18676
27	107970	0.3	1	90716 17254
28	122803	0.3	1	102449 20354
29	100598	0.3	1	85231 15367
30	141784	0.3	1	118177 23607
31	76251	0.3	1	65435 10816
32	110522	0.3	1	93506 17016
33	98633	0.3	1	84228 14405
34	97099	0.3	1	83086 14013
35	106803	0.3	1	90538 16265
36	121296	0.3	1	101536 19760
37	101126	0.3	1	86206 14920
38	91063	0.3	1	78142 12921
39	86092	0.3	1	74231 11861
40	92365	0.3	1	78819 13546
41	98411	0.3	1	83471 14940
42	109510	0.3	1	91607 17903
43	79999	0.3	1	68731 11268
44	99376	0.3	1	84173 15203
45	84878	0.3	1	73238 11640
46	85569	0.3	1	74272 11297
47	91987	0.3	1	78927 13060
48	83045	0.3	1	71773 11272
49	82711	0.3	1	71472 11239
50	82166	0.3	1	70468 11698
51	75997	0.3	1	65455 10542
52	75232	0.3	1	64566 10666
53	82492	0.3	1	70304 12188
54	80199	0.3	1	68806 11393
55	63911	0.3	1	55559 8352
56	78373	0.3	1	67550 10823
57	75093	0.3	1	64344 10749
58	62186	0.3	1	53453 8733
59	57947	0.3	1	49793 8154
60	65480	0.3	1	56373 9107
61	52469	0.3	1	45407 7062
62	46713	0.3	1	40544 6169
63	64275	0.3	1	55926 8349
64	30696	0.3	1	26914 3782
65	44028	0.3	1	38667 5361
66	41293	0.3	1	36203 5090
67	46048	0.3	1	39874 6174
68	44749	0.3	1	38791 5958
69	40350	0.3	1	34914 5436
70	36159	0.3	1	31533 4626
71	37476	0.3	1	32774 4702
72	35569	0.3	1	31058 4511
73	37216	0.3	1	32304 4912
74	41767	0.3	1	36410 5357
75	48946	0.3	1	41819 7127
76	236952	0.3	1	210206 26746
77	37335	0.3	1	32527 4808
78	9322	0.3	1	7996 1326
79	4684	0.3	1	4020 664
80	4327	0.3	1	3734 593
81	4059	0.3	1	3491 568
82	3438	0.3	1	2931 507
83	3111	0.3	1	2641 470
84	3065	0.3	1	2618 447
85	2781	0.3	1	2387 394
86	2922	0.3	1	2525 397
87	2534	0.3	1	2171 363
88	2355	0.3	1	2007 348
89	2104	0.3	1	1801 303
90	1829	0.3	1	1538 291
91	1546	0.3	1	1324 222
92	1379	0.3	1	1185 194
93	1297	0.3	1	1094 203
94	1001	0.3	1	865 136
95	942	0.3	1	803 139
96	905	0.3	1	765 140
97	731	0.3	1	618 113
98	647	0.3	1	545 102
99	623	0.3	1	526 97
100	503	0.3	1	426 77
101	465	0.3	1	387 78
102	378	0.3	1	303 75
103	269	0.3	1	206 63
104	232	0.3	1	181 51
105	202	0.3	1	149 53
106	185	0.3	1	147 38
107	156	0.3	1	116 40
108	160	0.3	1	127 33
109	127	0.3	1	92 35
110	139	0.3	1	95 44
111	102	0.3	1	79 23
112	79	0.3	1	48 31
113	53	0.3	1	27 26
114	78	0.3	1	42 36
115	58	0.3	1	34 24
116	57	0.3	1	33 24
117	58	0.3	1	30 28
118	36	0.3	1	20 16
119	45	0.3	1	25 20
120	52	0.3	1	19 33
121	40	0.3	1	22 18
122	30	0.3	1	16 14
123	28	0.3	1	15 13
124	23	0.3	1	8 15
125	35	0.3	1	11 24
126	32	0.3	1	16 16
127	32	0.3	1	6 26
128	32	0.3	1	11 21
129	29	0.3	1	12 17
130	26	0.3	1	11 15
131	28	0.3	1	7 21
132	27	0.3	1	7 20
133	16	0.3	1	4 12
134	20	0.3	1	2 18
135	25	0.3	1	2 23
136	25	0.3	1	9 16
137	12	0.3	1	0 12
138	23	0.3	1	2 21
139	15	0.3	1	2 13
140	14	0.3	1	2 12
141	22	0.3	1	1 21
142	12	0.3	1	2 10
143	6	0.3	1	0 6
144	10	0.3	1	2 8
145	10	0.3	1	0 10
146	18	0.3	1	0 18
147	26	0.3	1	2 24
148	8	0.3	1	0 8
149	15	0.3	1	0 15
150	150	0.3	1	0 150

RUN STATISTICS FOR INPUT FILE: Nac_oxy_4_trimmed_2.fastq.gz
=============================================
21521303 sequences processed in total

Total number of sequences analysed for the sequence pair length validation: 21521303

Number of sequence pairs removed because at least one read was shorter than the length cutoff (20 bp): 128746 (0.60%)
