
SUMMARISING RUN PARAMETERS
==========================
Input filename: Nac_Sal_7_trimmed_2.fastq.gz
Trimming mode: paired-end
Trim Galore version: 0.6.10
Cutadapt version: 4.9
Python version: could not detect
Number of cores used for trimming: 8
Quality Phred score cutoff: 20
Quality encoding type selected: ASCII+33
Using Illumina adapter for trimming (count: 293107). Second best hit was Nextera (count: 3)
Adapter sequence: 'AGATCGGAAGAGC' (Illumina TruSeq, Sanger iPCR; auto-detected)
Maximum trimming error rate: 0.1 (default)
Minimum required adapter overlap (stringency): 1 bp
Minimum required sequence length for both reads before a sequence pair gets removed: 20 bp
Running FastQC on the data once trimming has completed
Running FastQC with the following extra arguments: -t 12
Output file will be GZIP compressed


This is cutadapt 4.9 with Python 3.12.8
Command line parameters: -j 8 -e 0.1 -q 20 -O 1 -a AGATCGGAAGAGC Nac_Sal_7_trimmed_2.fastq.gz
Processing single-end reads on 8 cores ...
Finished in 103.252 s (3.917 µs/read; 15.32 M reads/minute).

=== Summary ===

Total reads processed:              26,361,668
Reads with adapters:                13,966,441 (53.0%)
Reads written (passing filters):    26,361,668 (100.0%)

Total basepairs processed: 3,954,250,200 bp
Quality-trimmed:             101,721,965 bp (2.6%)
Total written (filtered):  3,441,418,070 bp (87.0%)

=== Adapter 1 ===

Sequence: AGATCGGAAGAGC; Type: regular 3'; Length: 13; Trimmed: 13966441 times

Minimum overlap: 1
No. of allowed errors:
1-9 bp: 0; 10-13 bp: 1

Bases preceding removed adapters:
  A: 16.0%
  C: 28.2%
  G: 45.1%
  T: 10.5%
  none/other: 0.1%

Overview of removed sequences
length	count	expect	max.err	error counts
1	3015499	6590417.0	0	3015499
2	1107378	1647604.2	0	1107378
3	383342	411901.1	0	383342
4	160820	102975.3	0	160820
5	123898	25743.8	0	123898
6	132174	6436.0	0	132174
7	124912	1609.0	0	124912
8	114012	402.2	0	114012
9	119735	100.6	0	119437 298
10	124054	25.1	1	114075 9979
11	116335	6.3	1	107387 8948
12	120696	1.6	1	109838 10858
13	125507	0.4	1	113379 12128
14	161553	0.4	1	145331 16222
15	109920	0.4	1	101339 8581
16	135729	0.4	1	124074 11655
17	129866	0.4	1	119080 10786
18	92159	0.4	1	85208 6951
19	126114	0.4	1	115597 10517
20	109122	0.4	1	100370 8752
21	119964	0.4	1	111215 8749
22	114389	0.4	1	104852 9537
23	130628	0.4	1	120428 10200
24	135749	0.4	1	123551 12198
25	102562	0.4	1	94889 7673
26	117971	0.4	1	109629 8342
27	110391	0.4	1	102788 7603
28	127544	0.4	1	118046 9498
29	116106	0.4	1	108421 7685
30	160243	0.4	1	148007 12236
31	91526	0.4	1	86323 5203
32	133476	0.4	1	124624 8852
33	122331	0.4	1	115004 7327
34	116627	0.4	1	109526 7101
35	113092	0.4	1	106266 6826
36	106718	0.4	1	100604 6114
37	129634	0.4	1	122013 7621
38	109542	0.4	1	103517 6025
39	113026	0.4	1	107347 5679
40	118383	0.4	1	112058 6325
41	117109	0.4	1	110939 6170
42	115860	0.4	1	109511 6349
43	107161	0.4	1	101884 5277
44	112641	0.4	1	106763 5878
45	120641	0.4	1	114133 6508
46	118343	0.4	1	112348 5995
47	112800	0.4	1	106800 6000
48	107999	0.4	1	102624 5375
49	114146	0.4	1	108058 6088
50	116196	0.4	1	110183 6013
51	115182	0.4	1	109400 5782
52	113206	0.4	1	107371 5835
53	124520	0.4	1	117894 6626
54	126160	0.4	1	119874 6286
55	116479	0.4	1	111047 5432
56	122597	0.4	1	116350 6247
57	111932	0.4	1	106321 5611
58	113421	0.4	1	107805 5616
59	116108	0.4	1	110773 5335
60	118214	0.4	1	111894 6320
61	104186	0.4	1	99134 5052
62	98993	0.4	1	94367 4626
63	124009	0.4	1	118300 5709
64	74732	0.4	1	71594 3138
65	101397	0.4	1	97362 4035
66	97171	0.4	1	93060 4111
67	94571	0.4	1	90198 4373
68	92050	0.4	1	87923 4127
69	94172	0.4	1	90083 4089
70	91543	0.4	1	87533 4010
71	93737	0.4	1	89784 3953
72	102433	0.4	1	98324 4109
73	98445	0.4	1	94105 4340
74	101045	0.4	1	96494 4551
75	133179	0.4	1	115728 17451
76	808117	0.4	1	778501 29616
77	122692	0.4	1	116880 5812
78	27452	0.4	1	25885 1567
79	13922	0.4	1	13076 846
80	11761	0.4	1	11055 706
81	11500	0.4	1	10869 631
82	10750	0.4	1	10194 556
83	9673	0.4	1	9133 540
84	9868	0.4	1	9368 500
85	9184	0.4	1	8735 449
86	10117	0.4	1	9650 467
87	9551	0.4	1	9054 497
88	8220	0.4	1	7733 487
89	7097	0.4	1	6732 365
90	6883	0.4	1	6555 328
91	5893	0.4	1	5584 309
92	4789	0.4	1	4549 240
93	4105	0.4	1	3921 184
94	3532	0.4	1	3347 185
95	3002	0.4	1	2847 155
96	3014	0.4	1	2879 135
97	2521	0.4	1	2396 125
98	2242	0.4	1	2133 109
99	1892	0.4	1	1790 102
100	1729	0.4	1	1641 88
101	1591	0.4	1	1514 77
102	1254	0.4	1	1184 70
103	927	0.4	1	869 58
104	679	0.4	1	642 37
105	665	0.4	1	629 36
106	612	0.4	1	574 38
107	551	0.4	1	516 35
108	551	0.4	1	518 33
109	461	0.4	1	431 30
110	352	0.4	1	334 18
111	281	0.4	1	262 19
112	234	0.4	1	214 20
113	197	0.4	1	172 25
114	146	0.4	1	132 14
115	131	0.4	1	109 22
116	113	0.4	1	90 23
117	102	0.4	1	84 18
118	85	0.4	1	64 21
119	82	0.4	1	69 13
120	74	0.4	1	52 22
121	57	0.4	1	46 11
122	56	0.4	1	39 17
123	49	0.4	1	38 11
124	27	0.4	1	16 11
125	31	0.4	1	21 10
126	34	0.4	1	17 17
127	40	0.4	1	21 19
128	19	0.4	1	7 12
129	29	0.4	1	20 9
130	30	0.4	1	17 13
131	23	0.4	1	16 7
132	36	0.4	1	27 9
133	20	0.4	1	12 8
134	17	0.4	1	9 8
135	19	0.4	1	12 7
136	19	0.4	1	13 6
137	14	0.4	1	7 7
138	14	0.4	1	6 8
139	8	0.4	1	3 5
140	5	0.4	1	1 4
141	8	0.4	1	3 5
142	4	0.4	1	0 4
143	6	0.4	1	1 5
144	3	0.4	1	0 3
145	23	0.4	1	3 20
146	7	0.4	1	1 6
147	21	0.4	1	0 21
148	19	0.4	1	0 19
149	81	0.4	1	0 81
150	2023	0.4	1	4 2019

RUN STATISTICS FOR INPUT FILE: Nac_Sal_7_trimmed_2.fastq.gz
=============================================
26361668 sequences processed in total

Total number of sequences analysed for the sequence pair length validation: 26361668

Number of sequence pairs removed because at least one read was shorter than the length cutoff (20 bp): 104810 (0.40%)
