
SUMMARISING RUN PARAMETERS
==========================
Input filename: Nac_oxy_6_trimmed_1.fastq.gz
Trimming mode: paired-end
Trim Galore version: 0.6.10
Cutadapt version: 4.9
Python version: could not detect
Number of cores used for trimming: 8
Quality Phred score cutoff: 20
Quality encoding type selected: ASCII+33
Using Illumina adapter for trimming (count: 201012). Second best hit was smallRNA (count: 14)
Adapter sequence: 'AGATCGGAAGAGC' (Illumina TruSeq, Sanger iPCR; auto-detected)
Maximum trimming error rate: 0.1 (default)
Minimum required adapter overlap (stringency): 1 bp
Minimum required sequence length for both reads before a sequence pair gets removed: 20 bp
Running FastQC on the data once trimming has completed
Running FastQC with the following extra arguments: -t 12
Output file will be GZIP compressed


This is cutadapt 4.9 with Python 3.12.8
Command line parameters: -j 8 -e 0.1 -q 20 -O 1 -a AGATCGGAAGAGC Nac_oxy_6_trimmed_1.fastq.gz
Processing single-end reads on 8 cores ...
Finished in 107.551 s (5.201 µs/read; 11.54 M reads/minute).

=== Summary ===

Total reads processed:              20,677,059
Reads with adapters:                11,260,460 (54.5%)
Reads written (passing filters):    20,677,059 (100.0%)

Total basepairs processed: 3,101,558,850 bp
Quality-trimmed:              65,362,699 bp (2.1%)
Total written (filtered):  2,780,076,921 bp (89.6%)

=== Adapter 1 ===

Sequence: AGATCGGAAGAGC; Type: regular 3'; Length: 13; Trimmed: 11260460 times

Minimum overlap: 1
No. of allowed errors:
1-9 bp: 0; 10-13 bp: 1

Bases preceding removed adapters:
  A: 19.8%
  C: 28.7%
  G: 30.0%
  T: 15.9%
  none/other: 5.6%

Overview of removed sequences
length	count	expect	max.err	error counts
1	3618758	5169264.8	0	3618758
2	1099728	1292316.2	0	1099728
3	399569	323079.0	0	399569
4	158718	80769.8	0	158718
5	113025	20192.4	0	113025
6	103141	5048.1	0	103141
7	101264	1262.0	0	101264
8	98453	315.5	0	98453
9	96009	78.9	0	95555 454
10	102929	19.7	1	97676 5253
11	95859	4.9	1	90755 5104
12	98792	1.2	1	92932 5860
13	96496	0.3	1	90730 5766
14	97052	0.3	1	91329 5723
15	96755	0.3	1	90905 5850
16	93807	0.3	1	88075 5732
17	91191	0.3	1	85476 5715
18	96225	0.3	1	89876 6349
19	87585	0.3	1	82481 5104
20	90245	0.3	1	85087 5158
21	88867	0.3	1	83799 5068
22	91945	0.3	1	86475 5470
23	89069	0.3	1	83715 5354
24	87815	0.3	1	82631 5184
25	87648	0.3	1	82667 4981
26	86391	0.3	1	81473 4918
27	83028	0.3	1	78565 4463
28	83601	0.3	1	78876 4725
29	81107	0.3	1	76422 4685
30	82194	0.3	1	77590 4604
31	81223	0.3	1	76522 4701
32	89320	0.3	1	84535 4785
33	84216	0.3	1	79255 4961
34	82184	0.3	1	77385 4799
35	79848	0.3	1	75332 4516
36	75992	0.3	1	71619 4373
37	74288	0.3	1	70156 4132
38	71884	0.3	1	67969 3915
39	70896	0.3	1	66927 3969
40	71009	0.3	1	66986 4023
41	73434	0.3	1	69206 4228
42	71954	0.3	1	67821 4133
43	72719	0.3	1	68653 4066
44	67005	0.3	1	63213 3792
45	88120	0.3	1	83422 4698
46	47535	0.3	1	45244 2291
47	58319	0.3	1	55412 2907
48	64032	0.3	1	60792 3240
49	62375	0.3	1	59071 3304
50	62322	0.3	1	59072 3250
51	64111	0.3	1	60764 3347
52	61564	0.3	1	58368 3196
53	59188	0.3	1	56151 3037
54	58669	0.3	1	55537 3132
55	58548	0.3	1	55291 3257
56	53931	0.3	1	51109 2822
57	55280	0.3	1	52715 2565
58	53242	0.3	1	50500 2742
59	49917	0.3	1	47479 2438
60	46696	0.3	1	44390 2306
61	44000	0.3	1	41872 2128
62	44016	0.3	1	41706 2310
63	46892	0.3	1	44529 2363
64	45019	0.3	1	42775 2244
65	40841	0.3	1	38586 2255
66	44703	0.3	1	42333 2370
67	40779	0.3	1	38630 2149
68	38660	0.3	1	36262 2398
69	39299	0.3	1	36002 3297
70	45794	0.3	1	37436 8358
71	391058	0.3	1	44144 346914
72	371985	0.3	1	275141 96844
73	90172	0.3	1	64806 25366
74	40892	0.3	1	19904 20988
75	17966	0.3	1	8798 9168
76	12715	0.3	1	6229 6486
77	9037	0.3	1	5540 3497
78	7022	0.3	1	4654 2368
79	6202	0.3	1	4120 2082
80	5940	0.3	1	4159 1781
81	5659	0.3	1	4027 1632
82	5237	0.3	1	3718 1519
83	4671	0.3	1	3424 1247
84	4257	0.3	1	3194 1063
85	3947	0.3	1	2964 983
86	3510	0.3	1	2608 902
87	3186	0.3	1	2397 789
88	3066	0.3	1	2317 749
89	2657	0.3	1	1956 701
90	2284	0.3	1	1675 609
91	2055	0.3	1	1461 594
92	1777	0.3	1	1240 537
93	1550	0.3	1	1042 508
94	1536	0.3	1	1009 527
95	1316	0.3	1	841 475
96	1216	0.3	1	808 408
97	1059	0.3	1	643 416
98	979	0.3	1	596 383
99	886	0.3	1	528 358
100	803	0.3	1	456 347
101	756	0.3	1	414 342
102	631	0.3	1	302 329
103	573	0.3	1	252 321
104	495	0.3	1	190 305
105	453	0.3	1	157 296
106	399	0.3	1	132 267
107	430	0.3	1	127 303
108	413	0.3	1	124 289
109	367	0.3	1	86 281
110	354	0.3	1	82 272
111	336	0.3	1	58 278
112	347	0.3	1	57 290
113	317	0.3	1	40 277
114	335	0.3	1	26 309
115	294	0.3	1	23 271
116	292	0.3	1	28 264
117	286	0.3	1	17 269
118	296	0.3	1	23 273
119	296	0.3	1	23 273
120	262	0.3	1	19 243
121	277	0.3	1	11 266
122	304	0.3	1	17 287
123	287	0.3	1	16 271
124	250	0.3	1	10 240
125	286	0.3	1	8 278
126	280	0.3	1	8 272
127	320	0.3	1	16 304
128	277	0.3	1	6 271
129	302	0.3	1	3 299
130	278	0.3	1	9 269
131	308	0.3	1	2 306
132	285	0.3	1	13 272
133	285	0.3	1	6 279
134	297	0.3	1	2 295
135	361	0.3	1	8 353
136	469	0.3	1	3 466
137	370	0.3	1	1 369
138	370	0.3	1	3 367
139	390	0.3	1	1 389
140	404	0.3	1	0 404
141	432	0.3	1	1 431
142	443	0.3	1	1 442
143	530	0.3	1	1 529
144	670	0.3	1	1 669
145	845	0.3	1	4 841
146	1121	0.3	1	1 1120
147	1781	0.3	1	3 1778
148	2438	0.3	1	1 2437
149	7566	0.3	1	0 7566
150	88572	0.3	1	18 88554

RUN STATISTICS FOR INPUT FILE: Nac_oxy_6_trimmed_1.fastq.gz
=============================================
20677059 sequences processed in total

