
SUMMARISING RUN PARAMETERS
==========================
Input filename: Nac_oxy_8_trimmed_1.fastq.gz
Trimming mode: paired-end
Trim Galore version: 0.6.10
Cutadapt version: 4.9
Python version: could not detect
Number of cores used for trimming: 8
Quality Phred score cutoff: 20
Quality encoding type selected: ASCII+33
Using Illumina adapter for trimming (count: 430971). Second best hit was Nextera (count: 16)
Adapter sequence: 'AGATCGGAAGAGC' (Illumina TruSeq, Sanger iPCR; auto-detected)
Maximum trimming error rate: 0.1 (default)
Minimum required adapter overlap (stringency): 1 bp
Minimum required sequence length for both reads before a sequence pair gets removed: 20 bp
Running FastQC on the data once trimming has completed
Running FastQC with the following extra arguments: -t 12
Output file will be GZIP compressed


This is cutadapt 4.9 with Python 3.12.8
Command line parameters: -j 8 -e 0.1 -q 20 -O 1 -a AGATCGGAAGAGC Nac_oxy_8_trimmed_1.fastq.gz
Processing single-end reads on 8 cores ...
Finished in 114.887 s (4.926 µs/read; 12.18 M reads/minute).

=== Summary ===

Total reads processed:              23,320,167
Reads with adapters:                16,344,796 (70.1%)
Reads written (passing filters):    23,320,167 (100.0%)

Total basepairs processed: 3,498,025,050 bp
Quality-trimmed:              37,486,677 bp (1.1%)
Total written (filtered):  2,913,950,884 bp (83.3%)

=== Adapter 1 ===

Sequence: AGATCGGAAGAGC; Type: regular 3'; Length: 13; Trimmed: 16344796 times

Minimum overlap: 1
No. of allowed errors:
1-9 bp: 0; 10-13 bp: 1

Bases preceding removed adapters:
  A: 14.3%
  C: 33.7%
  G: 35.5%
  T: 16.4%
  none/other: 0.1%

Overview of removed sequences
length	count	expect	max.err	error counts
1	2801071	5830041.8	0	2801071
2	897733	1457510.4	0	897733
3	361289	364377.6	0	361289
4	167397	91094.4	0	167397
5	132828	22773.6	0	132828
6	127406	5693.4	0	127406
7	127781	1423.4	0	127781
8	125261	355.8	0	125261
9	125992	89.0	0	125619 373
10	135434	22.2	1	127518 7916
11	131866	5.6	1	123789 8077
12	134439	1.4	1	125388 9051
13	134438	0.3	1	125155 9283
14	137525	0.3	1	127901 9624
15	139568	0.3	1	130000 9568
16	138791	0.3	1	129152 9639
17	143586	0.3	1	133053 10533
18	145485	0.3	1	134835 10650
19	140496	0.3	1	130855 9641
20	144893	0.3	1	135355 9538
21	145249	0.3	1	135261 9988
22	154003	0.3	1	142936 11067
23	150673	0.3	1	140410 10263
24	150377	0.3	1	140132 10245
25	151720	0.3	1	141094 10626
26	146767	0.3	1	137112 9655
27	147585	0.3	1	138005 9580
28	152453	0.3	1	142042 10411
29	150267	0.3	1	140325 9942
30	155210	0.3	1	144254 10956
31	151866	0.3	1	141602 10264
32	164359	0.3	1	153582 10777
33	155760	0.3	1	145600 10160
34	164225	0.3	1	153043 11182
35	160050	0.3	1	149147 10903
36	160920	0.3	1	149924 10996
37	163096	0.3	1	152076 11020
38	156242	0.3	1	145389 10853
39	156101	0.3	1	145043 11058
40	164480	0.3	1	152695 11785
41	166999	0.3	1	155635 11364
42	168277	0.3	1	156218 12059
43	174291	0.3	1	161614 12677
44	163055	0.3	1	151837 11218
45	219279	0.3	1	204739 14540
46	117682	0.3	1	110161 7521
47	148682	0.3	1	139398 9284
48	168832	0.3	1	158016 10816
49	166752	0.3	1	155852 10900
50	160911	0.3	1	150107 10804
51	174020	0.3	1	162840 11180
52	171907	0.3	1	160837 11070
53	162530	0.3	1	152094 10436
54	164827	0.3	1	154111 10716
55	165105	0.3	1	153682 11423
56	156171	0.3	1	146644 9527
57	169443	0.3	1	159490 9953
58	166544	0.3	1	155361 11183
59	153778	0.3	1	143781 9997
60	145567	0.3	1	136351 9216
61	139171	0.3	1	130469 8702
62	137419	0.3	1	128693 8726
63	148785	0.3	1	139096 9689
64	148137	0.3	1	138786 9351
65	136344	0.3	1	127520 8824
66	151111	0.3	1	141003 10108
67	143134	0.3	1	134722 8412
68	133497	0.3	1	125295 8202
69	130596	0.3	1	121980 8616
70	145594	0.3	1	135824 9770
71	190556	0.3	1	166527 24029
72	1230804	0.3	1	1165449 65355
73	292234	0.3	1	273258 18976
74	88176	0.3	1	82105 6071
75	38369	0.3	1	35462 2907
76	27176	0.3	1	25165 2011
77	23555	0.3	1	21930 1625
78	19732	0.3	1	18327 1405
79	18723	0.3	1	17382 1341
80	18529	0.3	1	17205 1324
81	18716	0.3	1	17467 1249
82	17281	0.3	1	16025 1256
83	16183	0.3	1	14979 1204
84	14631	0.3	1	13578 1053
85	13618	0.3	1	12702 916
86	13366	0.3	1	12412 954
87	11523	0.3	1	10692 831
88	11298	0.3	1	10526 772
89	10310	0.3	1	9635 675
90	8514	0.3	1	7920 594
91	7836	0.3	1	7245 591
92	6748	0.3	1	6222 526
93	6377	0.3	1	5912 465
94	5384	0.3	1	4977 407
95	4787	0.3	1	4411 376
96	4288	0.3	1	3963 325
97	4021	0.3	1	3745 276
98	3450	0.3	1	3204 246
99	3123	0.3	1	2909 214
100	2912	0.3	1	2711 201
101	2417	0.3	1	2228 189
102	1934	0.3	1	1783 151
103	1535	0.3	1	1405 130
104	1264	0.3	1	1151 113
105	1028	0.3	1	926 102
106	992	0.3	1	899 93
107	864	0.3	1	764 100
108	811	0.3	1	749 62
109	720	0.3	1	646 74
110	632	0.3	1	560 72
111	549	0.3	1	484 65
112	391	0.3	1	351 40
113	365	0.3	1	315 50
114	302	0.3	1	256 46
115	250	0.3	1	206 44
116	208	0.3	1	174 34
117	231	0.3	1	195 36
118	232	0.3	1	177 55
119	179	0.3	1	142 37
120	149	0.3	1	114 35
121	135	0.3	1	111 24
122	132	0.3	1	85 47
123	124	0.3	1	91 33
124	98	0.3	1	65 33
125	99	0.3	1	61 38
126	73	0.3	1	53 20
127	61	0.3	1	39 22
128	70	0.3	1	47 23
129	81	0.3	1	46 35
130	74	0.3	1	26 48
131	74	0.3	1	30 44
132	56	0.3	1	25 31
133	49	0.3	1	27 22
134	47	0.3	1	22 25
135	62	0.3	1	30 32
136	71	0.3	1	26 45
137	41	0.3	1	10 31
138	37	0.3	1	14 23
139	28	0.3	1	5 23
140	13	0.3	1	3 10
141	29	0.3	1	2 27
142	33	0.3	1	2 31
143	15	0.3	1	4 11
144	46	0.3	1	3 43
145	76	0.3	1	24 52
146	59	0.3	1	2 57
147	91	0.3	1	6 85
148	70	0.3	1	4 66
149	180	0.3	1	1 179
150	2377	0.3	1	1 2376

RUN STATISTICS FOR INPUT FILE: Nac_oxy_8_trimmed_1.fastq.gz
=============================================
23320167 sequences processed in total

