
SUMMARISING RUN PARAMETERS
==========================
Input filename: Nac_Sal_4_trimmed_1.fastq.gz
Trimming mode: paired-end
Trim Galore version: 0.6.10
Cutadapt version: 4.9
Python version: could not detect
Number of cores used for trimming: 8
Quality Phred score cutoff: 20
Quality encoding type selected: ASCII+33
Using Illumina adapter for trimming (count: 231204). Second best hit was Nextera (count: 13)
Adapter sequence: 'AGATCGGAAGAGC' (Illumina TruSeq, Sanger iPCR; auto-detected)
Maximum trimming error rate: 0.1 (default)
Minimum required adapter overlap (stringency): 1 bp
Minimum required sequence length for both reads before a sequence pair gets removed: 20 bp
Running FastQC on the data once trimming has completed
Running FastQC with the following extra arguments: -t 12
Output file will be GZIP compressed


This is cutadapt 4.9 with Python 3.12.8
Command line parameters: -j 8 -e 0.1 -q 20 -O 1 -a AGATCGGAAGAGC Nac_Sal_4_trimmed_1.fastq.gz
Processing single-end reads on 8 cores ...
Finished in 120.636 s (4.849 µs/read; 12.37 M reads/minute).

=== Summary ===

Total reads processed:              24,876,193
Reads with adapters:                13,460,988 (54.1%)
Reads written (passing filters):    24,876,193 (100.0%)

Total basepairs processed: 3,731,428,950 bp
Quality-trimmed:              15,480,789 bp (0.4%)
Total written (filtered):  3,432,829,508 bp (92.0%)

=== Adapter 1 ===

Sequence: AGATCGGAAGAGC; Type: regular 3'; Length: 13; Trimmed: 13460988 times

Minimum overlap: 1
No. of allowed errors:
1-9 bp: 0; 10-13 bp: 1

Bases preceding removed adapters:
  A: 19.7%
  C: 28.9%
  G: 34.6%
  T: 16.7%
  none/other: 0.1%

Overview of removed sequences
length	count	expect	max.err	error counts
1	4141714	6219048.2	0	4141714
2	1348168	1554762.1	0	1348168
3	467252	388690.5	0	467252
4	189619	97172.6	0	189619
5	137114	24293.2	0	137114
6	127389	6073.3	0	127389
7	123975	1518.3	0	123975
8	120149	379.6	0	120149
9	120079	94.9	0	119660 419
10	125129	23.7	1	119334 5795
11	121705	5.9	1	116008 5697
12	123531	1.5	1	116973 6558
13	122200	0.4	1	115619 6581
14	123227	0.4	1	116429 6798
15	120760	0.4	1	114292 6468
16	119359	0.4	1	112814 6545
17	119485	0.4	1	112545 6940
18	121517	0.4	1	114639 6878
19	117040	0.4	1	110989 6051
20	118429	0.4	1	112361 6068
21	118190	0.4	1	112165 6025
22	121891	0.4	1	115295 6596
23	118415	0.4	1	112140 6275
24	115691	0.4	1	109587 6104
25	115881	0.4	1	109613 6268
26	114035	0.4	1	108186 5849
27	112481	0.4	1	106881 5600
28	112427	0.4	1	106642 5785
29	110976	0.4	1	105452 5524
30	113366	0.4	1	107623 5743
31	111021	0.4	1	105399 5622
32	115250	0.4	1	109650 5600
33	115428	0.4	1	109534 5894
34	111588	0.4	1	105981 5607
35	109598	0.4	1	103869 5729
36	106540	0.4	1	101187 5353
37	106956	0.4	1	101390 5566
38	102297	0.4	1	97223 5074
39	99559	0.4	1	94647 4912
40	102643	0.4	1	97379 5264
41	104682	0.4	1	99194 5488
42	100459	0.4	1	95344 5115
43	102790	0.4	1	97910 4880
44	96059	0.4	1	91431 4628
45	124228	0.4	1	118380 5848
46	70642	0.4	1	67582 3060
47	84935	0.4	1	81240 3695
48	90745	0.4	1	86582 4163
49	89580	0.4	1	85484 4096
50	89429	0.4	1	85341 4088
51	90388	0.4	1	86271 4117
52	89485	0.4	1	85437 4048
53	89429	0.4	1	85406 4023
54	87806	0.4	1	83927 3879
55	88815	0.4	1	84740 4075
56	80446	0.4	1	76953 3493
57	80379	0.4	1	77165 3214
58	79628	0.4	1	76299 3329
59	74544	0.4	1	71479 3065
60	70755	0.4	1	67882 2873
61	67509	0.4	1	64719 2790
62	67595	0.4	1	64866 2729
63	71919	0.4	1	69071 2848
64	67819	0.4	1	65156 2663
65	63225	0.4	1	60752 2473
66	67236	0.4	1	64416 2820
67	59916	0.4	1	57605 2311
68	58735	0.4	1	56450 2285
69	58489	0.4	1	56124 2365
70	60612	0.4	1	57920 2692
71	76857	0.4	1	65427 11430
72	394909	0.4	1	382085 12824
73	88032	0.4	1	84365 3667
74	26983	0.4	1	25490 1493
75	12854	0.4	1	12092 762
76	9475	0.4	1	8909 566
77	8189	0.4	1	7719 470
78	7003	0.4	1	6620 383
79	6298	0.4	1	5939 359
80	5934	0.4	1	5613 321
81	5410	0.4	1	5123 287
82	5157	0.4	1	4871 286
83	4838	0.4	1	4579 259
84	4357	0.4	1	4088 269
85	4072	0.4	1	3835 237
86	3522	0.4	1	3351 171
87	3113	0.4	1	2951 162
88	2870	0.4	1	2734 136
89	2416	0.4	1	2277 139
90	2155	0.4	1	2020 135
91	1763	0.4	1	1655 108
92	1575	0.4	1	1464 111
93	1281	0.4	1	1193 88
94	1086	0.4	1	994 92
95	962	0.4	1	886 76
96	899	0.4	1	838 61
97	745	0.4	1	676 69
98	691	0.4	1	633 58
99	646	0.4	1	593 53
100	517	0.4	1	478 39
101	472	0.4	1	422 50
102	390	0.4	1	338 52
103	286	0.4	1	254 32
104	218	0.4	1	190 28
105	190	0.4	1	156 34
106	191	0.4	1	142 49
107	183	0.4	1	138 45
108	138	0.4	1	106 32
109	125	0.4	1	100 25
110	124	0.4	1	96 28
111	103	0.4	1	65 38
112	74	0.4	1	53 21
113	79	0.4	1	35 44
114	65	0.4	1	33 32
115	53	0.4	1	33 20
116	61	0.4	1	28 33
117	52	0.4	1	22 30
118	39	0.4	1	17 22
119	39	0.4	1	13 26
120	41	0.4	1	16 25
121	48	0.4	1	15 33
122	41	0.4	1	11 30
123	35	0.4	1	8 27
124	33	0.4	1	8 25
125	37	0.4	1	5 32
126	25	0.4	1	9 16
127	40	0.4	1	11 29
128	35	0.4	1	4 31
129	49	0.4	1	9 40
130	57	0.4	1	4 53
131	34	0.4	1	8 26
132	39	0.4	1	11 28
133	37	0.4	1	8 29
134	34	0.4	1	8 26
135	22	0.4	1	6 16
136	32	0.4	1	10 22
137	21	0.4	1	4 17
138	19	0.4	1	2 17
139	20	0.4	1	3 17
140	21	0.4	1	4 17
141	29	0.4	1	6 23
142	26	0.4	1	3 23
143	22	0.4	1	1 21
144	35	0.4	1	3 32
145	46	0.4	1	11 35
146	40	0.4	1	1 39
147	74	0.4	1	5 69
148	47	0.4	1	0 47
149	156	0.4	1	1 155
150	1949	0.4	1	1 1948

RUN STATISTICS FOR INPUT FILE: Nac_Sal_4_trimmed_1.fastq.gz
=============================================
24876193 sequences processed in total

