
SUMMARISING RUN PARAMETERS
==========================
Input filename: Nac_oxy_8_trimmed_2.fastq.gz
Trimming mode: paired-end
Trim Galore version: 0.6.10
Cutadapt version: 4.9
Python version: could not detect
Number of cores used for trimming: 8
Quality Phred score cutoff: 20
Quality encoding type selected: ASCII+33
Using Illumina adapter for trimming (count: 430971). Second best hit was Nextera (count: 16)
Adapter sequence: 'AGATCGGAAGAGC' (Illumina TruSeq, Sanger iPCR; auto-detected)
Maximum trimming error rate: 0.1 (default)
Minimum required adapter overlap (stringency): 1 bp
Minimum required sequence length for both reads before a sequence pair gets removed: 20 bp
Running FastQC on the data once trimming has completed
Running FastQC with the following extra arguments: -t 12
Output file will be GZIP compressed


This is cutadapt 4.9 with Python 3.12.8
Command line parameters: -j 8 -e 0.1 -q 20 -O 1 -a AGATCGGAAGAGC Nac_oxy_8_trimmed_2.fastq.gz
Processing single-end reads on 8 cores ...
Finished in 122.429 s (5.250 µs/read; 11.43 M reads/minute).

=== Summary ===

Total reads processed:              23,320,167
Reads with adapters:                15,916,635 (68.3%)
Reads written (passing filters):    23,320,167 (100.0%)

Total basepairs processed: 3,498,025,050 bp
Quality-trimmed:             111,485,868 bp (3.2%)
Total written (filtered):  2,855,071,618 bp (81.6%)

=== Adapter 1 ===

Sequence: AGATCGGAAGAGC; Type: regular 3'; Length: 13; Trimmed: 15916635 times

Minimum overlap: 1
No. of allowed errors:
1-9 bp: 0; 10-13 bp: 1

Bases preceding removed adapters:
  A: 12.6%
  C: 34.0%
  G: 41.9%
  T: 11.4%
  none/other: 0.1%

Overview of removed sequences
length	count	expect	max.err	error counts
1	2783917	5830041.8	0	2783917
2	941043	1457510.4	0	941043
3	370450	364377.6	0	370450
4	160162	91094.4	0	160162
5	130700	22773.6	0	130700
6	130811	5693.4	0	130811
7	125554	1423.4	0	125554
8	115899	355.8	0	115899
9	116922	89.0	0	116363 559
10	132594	22.2	1	116684 15910
11	123443	5.6	1	108621 14822
12	130197	1.4	1	113272 16925
13	142707	0.3	1	122687 20020
14	182274	0.3	1	155113 27161
15	113041	0.3	1	99216 13825
16	145227	0.3	1	126125 19102
17	136585	0.3	1	119152 17433
18	103113	0.3	1	91502 11611
19	134723	0.3	1	117935 16788
20	122201	0.3	1	107579 14622
21	120847	0.3	1	106894 13953
22	138671	0.3	1	121386 17285
23	152902	0.3	1	132867 20035
24	176231	0.3	1	151235 24996
25	128829	0.3	1	113707 15122
26	138203	0.3	1	122143 16060
27	131695	0.3	1	116790 14905
28	160103	0.3	1	140817 19286
29	131619	0.3	1	117468 14151
30	197420	0.3	1	174080 23340
31	104785	0.3	1	94883 9902
32	161358	0.3	1	144024 17334
33	139512	0.3	1	125538 13974
34	138290	0.3	1	125032 13258
35	150569	0.3	1	134736 15833
36	177899	0.3	1	157202 20697
37	150925	0.3	1	135979 14946
38	133588	0.3	1	121313 12275
39	134604	0.3	1	122293 12311
40	153928	0.3	1	138764 15164
41	169427	0.3	1	152092 17335
42	189155	0.3	1	167581 21574
43	140276	0.3	1	127391 12885
44	170671	0.3	1	152767 17904
45	148020	0.3	1	134165 13855
46	152338	0.3	1	138788 13550
47	167021	0.3	1	150738 16283
48	161383	0.3	1	146746 14637
49	162173	0.3	1	147243 14930
50	163940	0.3	1	147940 16000
51	162859	0.3	1	147895 14964
52	164007	0.3	1	148655 15352
53	178714	0.3	1	161290 17424
54	179409	0.3	1	161800 17609
55	140753	0.3	1	128608 12145
56	176195	0.3	1	160390 15805
57	179792	0.3	1	162769 17023
58	156182	0.3	1	141121 15061
59	141699	0.3	1	129350 12349
60	166466	0.3	1	150988 15478
61	137962	0.3	1	126182 11780
62	125440	0.3	1	114866 10574
63	177255	0.3	1	162368 14887
64	89895	0.3	1	82998 6897
65	122628	0.3	1	113361 9267
66	115122	0.3	1	106143 8979
67	136617	0.3	1	125535 11082
68	129398	0.3	1	118748 10650
69	120786	0.3	1	111089 9697
70	117916	0.3	1	108481 9435
71	124613	0.3	1	114686 9927
72	120624	0.3	1	111115 9509
73	133159	0.3	1	122282 10877
74	149307	0.3	1	137119 12188
75	185652	0.3	1	161254 24398
76	990080	0.3	1	927200 62880
77	155958	0.3	1	144081 11877
78	36187	0.3	1	33004 3183
79	18310	0.3	1	16496 1814
80	16924	0.3	1	15388 1536
81	16508	0.3	1	15001 1507
82	14439	0.3	1	13114 1325
83	12921	0.3	1	11697 1224
84	13045	0.3	1	11951 1094
85	11974	0.3	1	10901 1073
86	12334	0.3	1	11220 1114
87	10867	0.3	1	9916 951
88	10156	0.3	1	9245 911
89	8843	0.3	1	8031 812
90	7735	0.3	1	7089 646
91	6803	0.3	1	6249 554
92	5832	0.3	1	5330 502
93	5465	0.3	1	5008 457
94	4657	0.3	1	4256 401
95	4081	0.3	1	3733 348
96	4011	0.3	1	3651 360
97	3468	0.3	1	3191 277
98	2888	0.3	1	2622 266
99	2651	0.3	1	2423 228
100	2439	0.3	1	2239 200
101	2294	0.3	1	2085 209
102	1873	0.3	1	1694 179
103	1441	0.3	1	1294 147
104	1122	0.3	1	1013 109
105	930	0.3	1	835 95
106	883	0.3	1	794 89
107	870	0.3	1	804 66
108	842	0.3	1	770 72
109	790	0.3	1	691 99
110	655	0.3	1	566 89
111	472	0.3	1	424 48
112	393	0.3	1	342 51
113	311	0.3	1	277 34
114	260	0.3	1	211 49
115	234	0.3	1	191 43
116	201	0.3	1	157 44
117	180	0.3	1	134 46
118	164	0.3	1	137 27
119	157	0.3	1	123 34
120	154	0.3	1	122 32
121	122	0.3	1	88 34
122	123	0.3	1	90 33
123	116	0.3	1	92 24
124	73	0.3	1	56 17
125	69	0.3	1	44 25
126	66	0.3	1	41 25
127	71	0.3	1	46 25
128	81	0.3	1	42 39
129	48	0.3	1	27 21
130	71	0.3	1	29 42
131	30	0.3	1	15 15
132	54	0.3	1	29 25
133	50	0.3	1	21 29
134	54	0.3	1	15 39
135	43	0.3	1	19 24
136	52	0.3	1	33 19
137	45	0.3	1	12 33
138	20	0.3	1	7 13
139	16	0.3	1	3 13
140	15	0.3	1	3 12
141	46	0.3	1	4 42
142	9	0.3	1	2 7
143	22	0.3	1	2 20
144	10	0.3	1	1 9
145	50	0.3	1	1 49
146	30	0.3	1	2 28
147	49	0.3	1	5 44
148	27	0.3	1	0 27
149	86	0.3	1	1 85
150	1890	0.3	1	1 1889

RUN STATISTICS FOR INPUT FILE: Nac_oxy_8_trimmed_2.fastq.gz
=============================================
23320167 sequences processed in total

Total number of sequences analysed for the sequence pair length validation: 23320167

Number of sequence pairs removed because at least one read was shorter than the length cutoff (20 bp): 127721 (0.55%)
