
SUMMARISING RUN PARAMETERS
==========================
Input filename: Nac_oxy_3_trimmed_1.fastq.gz
Trimming mode: paired-end
Trim Galore version: 0.6.10
Cutadapt version: 4.9
Python version: could not detect
Number of cores used for trimming: 8
Quality Phred score cutoff: 20
Quality encoding type selected: ASCII+33
Using Illumina adapter for trimming (count: 163250). Second best hit was Nextera (count: 13)
Adapter sequence: 'AGATCGGAAGAGC' (Illumina TruSeq, Sanger iPCR; auto-detected)
Maximum trimming error rate: 0.1 (default)
Minimum required adapter overlap (stringency): 1 bp
Minimum required sequence length for both reads before a sequence pair gets removed: 20 bp
Running FastQC on the data once trimming has completed
Running FastQC with the following extra arguments: -t 12
Output file will be GZIP compressed


This is cutadapt 4.9 with Python 3.12.8
Command line parameters: -j 8 -e 0.1 -q 20 -O 1 -a AGATCGGAAGAGC Nac_oxy_3_trimmed_1.fastq.gz
Processing single-end reads on 8 cores ...
Finished in 105.243 s (4.508 µs/read; 13.31 M reads/minute).

=== Summary ===

Total reads processed:              23,345,167
Reads with adapters:                11,862,018 (50.8%)
Reads written (passing filters):    23,345,167 (100.0%)

Total basepairs processed: 3,501,775,050 bp
Quality-trimmed:              11,184,467 bp (0.3%)
Total written (filtered):  3,310,925,969 bp (94.5%)

=== Adapter 1 ===

Sequence: AGATCGGAAGAGC; Type: regular 3'; Length: 13; Trimmed: 11862018 times

Minimum overlap: 1
No. of allowed errors:
1-9 bp: 0; 10-13 bp: 1

Bases preceding removed adapters:
  A: 21.1%
  C: 33.4%
  G: 26.3%
  T: 19.2%
  none/other: 0.1%

Overview of removed sequences
length	count	expect	max.err	error counts
1	4489538	5836291.8	0	4489538
2	1396882	1459072.9	0	1396882
3	494868	364768.2	0	494868
4	194495	91192.1	0	194495
5	138193	22798.0	0	138193
6	122536	5699.5	0	122536
7	119604	1424.9	0	119604
8	112853	356.2	0	112853
9	112190	89.1	0	111677 513
10	118601	22.3	1	109767 8834
11	113661	5.6	1	105042 8619
12	115889	1.4	1	106638 9251
13	115678	0.3	1	106162 9516
14	115375	0.3	1	105604 9771
15	115671	0.3	1	106152 9519
16	111843	0.3	1	102301 9542
17	110129	0.3	1	100471 9658
18	110765	0.3	1	101169 9596
19	102623	0.3	1	93964 8659
20	102256	0.3	1	94084 8172
21	101477	0.3	1	93037 8440
22	103552	0.3	1	94847 8705
23	101224	0.3	1	92744 8480
24	100727	0.3	1	92421 8306
25	100734	0.3	1	92359 8375
26	99128	0.3	1	91221 7907
27	96874	0.3	1	88821 8053
28	93296	0.3	1	85782 7514
29	88576	0.3	1	81494 7082
30	87672	0.3	1	80391 7281
31	85399	0.3	1	78349 7050
32	87083	0.3	1	80276 6807
33	86261	0.3	1	78933 7328
34	85364	0.3	1	78294 7070
35	82869	0.3	1	75866 7003
36	81096	0.3	1	74236 6860
37	81072	0.3	1	74323 6749
38	74851	0.3	1	68645 6206
39	70788	0.3	1	64814 5974
40	69820	0.3	1	64008 5812
41	70884	0.3	1	64840 6044
42	68204	0.3	1	62599 5605
43	69046	0.3	1	63225 5821
44	64239	0.3	1	58942 5297
45	83395	0.3	1	76551 6844
46	45541	0.3	1	42002 3539
47	55421	0.3	1	50980 4441
48	58604	0.3	1	53937 4667
49	55314	0.3	1	50682 4632
50	53476	0.3	1	49138 4338
51	53027	0.3	1	48647 4380
52	52422	0.3	1	48082 4340
53	49432	0.3	1	45423 4009
54	48467	0.3	1	44476 3991
55	48931	0.3	1	44786 4145
56	44201	0.3	1	40649 3552
57	44125	0.3	1	40688 3437
58	42369	0.3	1	38836 3533
59	38834	0.3	1	35640 3194
60	36139	0.3	1	33154 2985
61	33920	0.3	1	31194 2726
62	32169	0.3	1	29628 2541
63	33108	0.3	1	30412 2696
64	32114	0.3	1	29660 2454
65	28634	0.3	1	26359 2275
66	31094	0.3	1	28615 2479
67	28317	0.3	1	26117 2200
68	26465	0.3	1	24323 2142
69	25201	0.3	1	23099 2102
70	25755	0.3	1	23543 2212
71	35487	0.3	1	26252 9235
72	162441	0.3	1	149565 12876
73	36603	0.3	1	33258 3345
74	11442	0.3	1	10186 1256
75	5470	0.3	1	4848 622
76	3925	0.3	1	3461 464
77	3430	0.3	1	3049 381
78	2936	0.3	1	2638 298
79	2564	0.3	1	2274 290
80	2417	0.3	1	2155 262
81	2232	0.3	1	1994 238
82	2073	0.3	1	1849 224
83	1813	0.3	1	1626 187
84	1771	0.3	1	1563 208
85	1534	0.3	1	1370 164
86	1580	0.3	1	1424 156
87	1351	0.3	1	1200 151
88	1237	0.3	1	1124 113
89	1067	0.3	1	938 129
90	966	0.3	1	861 105
91	848	0.3	1	753 95
92	662	0.3	1	574 88
93	560	0.3	1	486 74
94	545	0.3	1	457 88
95	487	0.3	1	411 76
96	414	0.3	1	336 78
97	338	0.3	1	285 53
98	340	0.3	1	289 51
99	326	0.3	1	273 53
100	287	0.3	1	254 33
101	231	0.3	1	185 46
102	180	0.3	1	158 22
103	163	0.3	1	124 39
104	144	0.3	1	113 31
105	147	0.3	1	94 53
106	106	0.3	1	78 28
107	91	0.3	1	61 30
108	105	0.3	1	70 35
109	83	0.3	1	59 24
110	89	0.3	1	52 37
111	61	0.3	1	41 20
112	63	0.3	1	28 35
113	63	0.3	1	31 32
114	50	0.3	1	19 31
115	47	0.3	1	23 24
116	28	0.3	1	8 20
117	60	0.3	1	24 36
118	39	0.3	1	13 26
119	44	0.3	1	8 36
120	36	0.3	1	12 24
121	34	0.3	1	10 24
122	42	0.3	1	12 30
123	41	0.3	1	8 33
124	49	0.3	1	7 42
125	31	0.3	1	8 23
126	27	0.3	1	10 17
127	28	0.3	1	5 23
128	25	0.3	1	3 22
129	35	0.3	1	6 29
130	42	0.3	1	11 31
131	27	0.3	1	5 22
132	41	0.3	1	7 34
133	17	0.3	1	0 17
134	25	0.3	1	4 21
135	20	0.3	1	4 16
136	21	0.3	1	3 18
137	33	0.3	1	4 29
138	36	0.3	1	2 34
139	16	0.3	1	1 15
140	24	0.3	1	2 22
141	26	0.3	1	2 24
142	30	0.3	1	1 29
143	28	0.3	1	0 28
144	35	0.3	1	1 34
145	36	0.3	1	4 32
146	34	0.3	1	0 34
147	82	0.3	1	1 81
148	75	0.3	1	2 73
149	128	0.3	1	0 128
150	1593	0.3	1	0 1593

RUN STATISTICS FOR INPUT FILE: Nac_oxy_3_trimmed_1.fastq.gz
=============================================
23345167 sequences processed in total

