Sample	0	1	2	3	4	5	6	7	8	9	10	11	12	13	14	15
Nac_Sal_1_1	(1.0, 24.86436326876136)	(2.0, 7.030326446372985)	(3.0, 8.735784236678622)	(4.0, 9.07073636606328)	(5.0, 8.115806252268676)	(6.0, 6.563562226988391)	(7.0, 4.976969556960404)	(8.0, 3.3940267321595905)	(9.0, 2.4277515294573835)	('>10', 9.495134607971197)	('>50', 1.1318768155792251)	('>100', 2.76263362122471)	('>500', 1.6250641245279724)	('>1k', 4.42732796190533)	('>5k', 1.6822147825032385)	('>10k+', 3.6964214705775573)
Nac_Sal_1_2	(1.0, 28.616682761401613)	(2.0, 7.690778674468464)	(3.0, 9.22361268745879)	(4.0, 9.15067568634146)	(5.0, 8.049468842104606)	(6.0, 6.354837116091175)	(7.0, 4.553964761086923)	(8.0, 3.097893923543256)	(9.0, 2.117659918730152)	('>10', 7.7767568151294455)	('>50', 1.0524306355447965)	('>100', 2.8363168328194037)	('>500', 1.683369697031651)	('>1k', 3.9343821693552092)	('>5k', 1.8357216687577356)	('>10k+', 2.0254478101352555)
Nac_Sal_2_1	(1.0, 20.285029488777926)	(2.0, 8.61269071445538)	(3.0, 8.391458484076002)	(4.0, 6.669339707253876)	(5.0, 4.939094642905335)	(6.0, 3.2718522716852485)	(7.0, 2.1073235840594515)	(8.0, 1.3360824069792099)	(9.0, 0.9145993544063584)	('>10', 4.293761506694048)	('>50', 1.0709849545556636)	('>100', 2.7280694609264895)	('>500', 1.8634322951999758)	('>1k', 5.881159251255066)	('>5k', 3.3048131607433784)	('>10k+', 24.33030871602658)
Nac_Sal_2_2	(1.0, 27.691946536254296)	(2.0, 8.576624479621607)	(3.0, 7.763355959559992)	(4.0, 5.918100060903407)	(5.0, 4.143498522186765)	(6.0, 2.6489675373047032)	(7.0, 1.6693662676030163)	(8.0, 1.0728355221288506)	(9.0, 0.7130376409741757)	('>10', 3.83834323547593)	('>50', 1.1094916236100263)	('>100', 2.7516705014266103)	('>500', 1.6926291493426504)	('>1k', 5.175967395123635)	('>5k', 3.3749196953216307)	('>10k+', 21.85924587316266)
Nac_Sal_3_1	(1.0, 9.342985665971884)	(2.0, 3.4270844753416907)	(3.0, 2.634076269719009)	(4.0, 1.8421134587771042)	(5.0, 1.2596791017469582)	(6.0, 0.8761243564232425)	(7.0, 0.6145252514441193)	(8.0, 0.46772248797254407)	(9.0, 0.3746221160081284)	('>10', 4.4498564308626465)	('>50', 1.5466065325986538)	('>100', 5.340217216051872)	('>500', 4.033244865701618)	('>1k', 18.76252876745171)	('>5k', 13.18267170464187)	('>10k+', 31.845941299286928)
Nac_Sal_3_2	(1.0, 20.022243084076955)	(2.0, 3.5533471365202485)	(3.0, 2.495636288506727)	(4.0, 1.8073934951831077)	(5.0, 1.2689237742355033)	(6.0, 0.8978298606201246)	(7.0, 0.707532628670093)	(8.0, 0.5473791723482619)	(9.0, 0.4717348824670213)	('>10', 4.681662758461721)	('>50', 0.9596233091459451)	('>100', 3.1013173106884)	('>500', 3.6391435907578837)	('>1k', 23.382202892067035)	('>5k', 13.266890596711903)	('>10k+', 19.197139219539018)
Nac_Sal_4_1	(1.0, 45.872549980878674)	(2.0, 13.807933369989591)	(3.0, 6.53566412384351)	(4.0, 3.6221580364242167)	(5.0, 2.3967637098399495)	(6.0, 1.6700818197781675)	(7.0, 1.3167556746901743)	(8.0, 0.9867249847469186)	(9.0, 0.8461810519968946)	('>10', 6.894168199065909)	('>50', 1.4592757928647622)	('>100', 3.069482949507866)	('>500', 1.7551642067428528)	('>1k', 4.085701868452831)	('>5k', 1.6161252217805702)	('>10k+', 4.0652690093970225)
Nac_Sal_4_2	(1.0, 54.95050910417755)	(2.0, 12.396302879140366)	(3.0, 5.72032064383039)	(4.0, 3.0824226170738642)	(5.0, 1.9668565082785219)	(6.0, 1.3645859744600364)	(7.0, 0.9558917358563629)	(8.0, 0.7439174956295415)	(9.0, 0.6511245105767998)	('>10', 4.983574179767829)	('>50', 1.0443580634643932)	('>100', 2.866381911462431)	('>500', 1.5711740946427073)	('>1k', 3.9152090064720384)	('>5k', 1.5640454200030505)	('>10k+', 2.2233258551639974)
Nac_Sal_5_1	(1.0, 48.09475578428739)	(2.0, 13.103263252837127)	(3.0, 5.076751629534792)	(4.0, 2.3505881646645035)	(5.0, 1.234462335951279)	(6.0, 0.848154285299641)	(7.0, 0.6056203624048347)	(8.0, 0.4603057881177151)	(9.0, 0.38541867845322575)	('>10', 3.46118675931106)	('>50', 1.067644581009413)	('>100', 3.019740482157093)	('>500', 1.731042049475679)	('>1k', 5.350208457906301)	('>5k', 2.9115489647243393)	('>10k+', 10.29930842386551)
Nac_Sal_5_2	(1.0, 52.37119090704455)	(2.0, 12.582591642828763)	(3.0, 4.520464373547839)	(4.0, 1.8818240606532401)	(5.0, 1.0019387496868528)	(6.0, 0.659911330069299)	(7.0, 0.5036560426134764)	(8.0, 0.40515555376722245)	(9.0, 0.28392099313372654)	('>10', 3.2013421478245783)	('>50', 1.0689088434691907)	('>100', 2.8984501575826176)	('>500', 1.6816698434744795)	('>1k', 5.362815040070397)	('>5k', 2.741847276921767)	('>10k+', 8.83431303731221)
Nac_Sal_6_1	(1.0, 26.466265773709114)	(2.0, 13.832579718402856)	(3.0, 12.02656178993581)	(4.0, 8.619361813594018)	(5.0, 5.441987191597021)	(6.0, 3.4290671059704)	(7.0, 2.2556778417874774)	(8.0, 1.5670710604606737)	(9.0, 1.124866693166176)	('>10', 7.4268295875853125)	('>50', 1.359249737514461)	('>100', 2.911656423435066)	('>500', 1.607663676496196)	('>1k', 4.343962858446878)	('>5k', 2.2671189565393477)	('>10k+', 5.320079771359241)
Nac_Sal_6_2	(1.0, 31.607716725360714)	(2.0, 13.853809860821553)	(3.0, 11.848299375133633)	(4.0, 8.024985736574566)	(5.0, 5.043279358480366)	(6.0, 3.138818959925295)	(7.0, 1.9884386453665774)	(8.0, 1.3826758791319138)	(9.0, 0.9819527402673641)	('>10', 6.248447426927348)	('>50', 1.2236685845528468)	('>100', 2.9020937584882334)	('>500', 1.659688473416102)	('>1k', 4.529409987747955)	('>5k', 1.8236481948945098)	('>10k+', 3.7430662929109717)
Nac_Sal_7_1	(1.0, 15.041775323784748)	(2.0, 3.449343363740605)	(3.0, 1.4853309723184076)	(4.0, 0.900996223552284)	(5.0, 0.6640201256703631)	(6.0, 0.5178964710620593)	(7.0, 0.4451806161592151)	(8.0, 0.3677893928153769)	(9.0, 0.32115794847320706)	('>10', 3.6469890346664777)	('>50', 1.2906671445230031)	('>100', 5.177270872885574)	('>500', 3.873211968168792)	('>1k', 17.93339618452425)	('>5k', 12.373654831545746)	('>10k+', 32.51131952610988)
Nac_Sal_7_2	(1.0, 21.641366874631718)	(2.0, 3.4131924354245067)	(3.0, 1.5567991820514702)	(4.0, 0.9760093556876314)	(5.0, 0.7459914943962328)	(6.0, 0.5722366973791769)	(7.0, 0.5046792510002002)	(8.0, 0.4183521696230318)	(9.0, 0.36645681279469766)	('>10', 3.879721067458771)	('>50', 0.8102215070958025)	('>100', 3.2187923140110533)	('>500', 3.5698474661739983)	('>1k', 22.334643081982218)	('>5k', 13.971881452168372)	('>10k+', 22.019808838121197)
Nac_Sal_8_1	(1.0, 25.059942782234717)	(2.0, 9.340651307360458)	(3.0, 8.275359659835807)	(4.0, 6.392911158661165)	(5.0, 4.375988905600992)	(6.0, 2.9630400281058495)	(7.0, 2.028189952374966)	(8.0, 1.3815465711218826)	(9.0, 0.9766959110598458)	('>10', 5.8639938828628875)	('>50', 1.4073743840898296)	('>100', 5.081445758286402)	('>500', 3.8242598004596777)	('>1k', 12.905465985727052)	('>5k', 5.158150679380087)	('>10k+', 4.964983232838441)
Nac_Sal_8_2	(1.0, 36.97185878554434)	(2.0, 8.83568413074585)	(3.0, 7.2637018871681915)	(4.0, 5.253710176281184)	(5.0, 3.5205295537382137)	(6.0, 2.240417300790569)	(7.0, 1.5072083881003762)	(8.0, 0.971892423196631)	(9.0, 0.7135037635908535)	('>10', 4.134720591374584)	('>50', 0.9513969102591939)	('>100', 4.337240173126505)	('>500', 4.031611341975325)	('>1k', 13.336016620344788)	('>5k', 3.576023435759654)	('>10k+', 2.354484518003754)
Nac_oxy_1_1	(1.0, 17.992731839949684)	(2.0, 6.783074202970947)	(3.0, 3.492502227560379)	(4.0, 1.680779889046547)	(5.0, 0.8705206577438359)	(6.0, 0.5697568171758064)	(7.0, 0.36151600512623233)	(8.0, 0.29527860629189984)	(9.0, 0.238968715432561)	('>10', 3.760280218685857)	('>50', 1.4914094893442884)	('>100', 3.8993854376884176)	('>500', 2.478558057243616)	('>1k', 8.334062028077259)	('>5k', 5.153840831860436)	('>10k+', 42.59733497580225)
Nac_oxy_1_2	(1.0, 22.404176110441554)	(2.0, 6.606472963394827)	(3.0, 3.2675589492892154)	(4.0, 1.4998879187203298)	(5.0, 0.7802818335149381)	(6.0, 0.5076248058265175)	(7.0, 0.3754743065414065)	(8.0, 0.3184219590160357)	(9.0, 0.25544603514864966)	('>10', 4.233010569515583)	('>50', 1.637658649555267)	('>100', 4.175265601222456)	('>500', 2.3164287842316336)	('>1k', 7.248968531994514)	('>5k', 4.054685240699868)	('>10k+', 40.31863774088727)
Nac_oxy_2_1	(1.0, 48.648395355925636)	(2.0, 13.341146642322514)	(3.0, 5.583056665242754)	(4.0, 2.7119725182570087)	(5.0, 1.6334656103163117)	(6.0, 1.0502356474550893)	(7.0, 0.8177018176630219)	(8.0, 0.5956475458049239)	(9.0, 0.4957198482936349)	('>10', 4.108931989337473)	('>50', 1.0492834559326631)	('>100', 2.941248725712977)	('>500', 1.6534917414679193)	('>1k', 4.8533943790781136)	('>5k', 2.1169098177552828)	('>10k+', 8.399398239434793)
Nac_oxy_2_2	(1.0, 55.50646568758574)	(2.0, 11.836279517190631)	(3.0, 4.668679643259491)	(4.0, 2.2426207089907857)	(5.0, 1.3473078991107035)	(6.0, 0.8939527891115432)	(7.0, 0.6342970402451101)	(8.0, 0.4548371935143054)	(9.0, 0.38200385534201003)	('>10', 3.2532189889477765)	('>50', 0.9231894800351805)	('>100', 2.761252003056064)	('>500', 1.7230022397778724)	('>1k', 4.613332460969593)	('>5k', 2.1371859680860843)	('>10k+', 6.622374524777295)
Nac_oxy_3_1	(1.0, 53.705339182728494)	(2.0, 15.785636351684262)	(3.0, 6.844420331465124)	(4.0, 3.2717655406561996)	(5.0, 1.9775277295771043)	(6.0, 1.3032015235942125)	(7.0, 0.9738913736691706)	(8.0, 0.775539585597369)	(9.0, 0.5827929514129639)	('>10', 4.532179673554543)	('>50', 0.8200857812463914)	('>100', 1.8367590569011347)	('>500', 0.9842229790785066)	('>1k', 2.5532660213479232)	('>5k', 1.005176972791427)	('>10k+', 3.0481949446952967)
Nac_oxy_3_2	(1.0, 63.31284545796806)	(2.0, 13.632211375817308)	(3.0, 5.367007150317188)	(4.0, 2.4014308541633547)	(5.0, 1.434723703990593)	(6.0, 0.9251925570561728)	(7.0, 0.7173450580050824)	(8.0, 0.5285331297529982)	(9.0, 0.37798252120558884)	('>10', 3.101385534692671)	('>50', 0.6702637028601144)	('>100', 1.7606611687738023)	('>500', 0.8028090577214766)	('>1k', 2.1038555205406486)	('>5k', 1.2046190609954872)	('>10k+', 1.6591341461394717)
Nac_oxy_4_1	(1.0, 56.22929649126009)	(2.0, 17.11914369362127)	(3.0, 6.873933255169066)	(4.0, 2.983513498289474)	(5.0, 1.5450392779510813)	(6.0, 0.9289922694676591)	(7.0, 0.6684607300571502)	(8.0, 0.503551893629582)	(9.0, 0.3519596671161237)	('>10', 2.9780085329610575)	('>50', 0.8222174863999451)	('>100', 2.184127188496543)	('>500', 1.1092324873150061)	('>1k', 3.1476282133536917)	('>5k', 1.3170718760920102)	('>10k+', 1.2378234388205023)
Nac_oxy_4_2	(1.0, 64.86124114991844)	(2.0, 14.408313596939907)	(3.0, 5.331909201050787)	(4.0, 2.2683619822317294)	(5.0, 1.1128270238451268)	(6.0, 0.6233614814189219)	(7.0, 0.45439146155659643)	(8.0, 0.3361469755828176)	(9.0, 0.2757102401318602)	('>10', 2.0947852101785474)	('>50', 0.6716039805273054)	('>100', 1.8917512889809596)	('>500', 1.1342489112142202)	('>1k', 2.8688106065744745)	('>5k', 0.725720982050585)	('>10k+', 0.9408159077976458)
Nac_oxy_5_1	(1.0, 34.16448438084891)	(2.0, 9.498836656365157)	(3.0, 3.8087078353229815)	(4.0, 1.8965409062881757)	(5.0, 1.1747072101458744)	(6.0, 0.7404040730719028)	(7.0, 0.6101526811526602)	(8.0, 0.447303364693953)	(9.0, 0.37325248895040575)	('>10', 3.355488629912496)	('>50', 1.1760086586615885)	('>100', 4.343282293368632)	('>500', 3.383669795096319)	('>1k', 14.546376020388585)	('>5k', 9.053191281263807)	('>10k+', 11.427593724468574)
Nac_oxy_5_2	(1.0, 41.204456796165076)	(2.0, 8.73535504938023)	(3.0, 3.361803683240355)	(4.0, 1.6523655678173168)	(5.0, 1.0346649720112133)	(6.0, 0.7152395728748676)	(7.0, 0.5247477621282475)	(8.0, 0.4017308972855753)	(9.0, 0.35214510130371257)	('>10', 3.023730440566514)	('>50', 0.7249056364884124)	('>100', 3.0223163673383056)	('>500', 3.6393302995620402)	('>1k', 17.456406336311062)	('>5k', 7.285381966990556)	('>10k+', 6.8654195505365685)
Nac_oxy_6_1	(1.0, 24.149705440720037)	(2.0, 8.14727671441257)	(3.0, 9.57562637346669)	(4.0, 9.327391195497551)	(5.0, 7.715734442124019)	(6.0, 5.932201839948644)	(7.0, 4.319965858512058)	(8.0, 2.913593231526514)	(9.0, 1.9805927478475718)	('>10', 8.787929552190164)	('>50', 1.1753202847254778)	('>100', 2.669777133614665)	('>500', 1.4827045495425417)	('>1k', 3.998902631147426)	('>5k', 2.7241691322924124)	('>10k+', 5.099108872431649)
Nac_oxy_6_2	(1.0, 31.928370526543006)	(2.0, 8.335577302743816)	(3.0, 9.611942908666284)	(4.0, 8.632405193061892)	(5.0, 7.076269198231716)	(6.0, 5.377842553616276)	(7.0, 3.744591855355977)	(8.0, 2.5463887401861864)	(9.0, 1.6345557374069433)	('>10', 6.505651587604451)	('>50', 0.9837545039232268)	('>100', 2.6604626450168958)	('>500', 1.3441121645658727)	('>1k', 4.204002612976514)	('>5k', 1.9219342948090807)	('>10k+', 3.4921381752917133)
Nac_oxy_7_1	(1.0, 40.3771210668251)	(2.0, 17.681309146409923)	(3.0, 11.124976877934936)	(4.0, 6.113234266499435)	(5.0, 3.190592939996518)	(6.0, 1.7287064841762143)	(7.0, 1.0648221940766054)	(8.0, 0.7434709624321151)	(9.0, 0.5181461607539098)	('>10', 3.875790147321402)	('>50', 1.087669330526375)	('>100', 2.7229139247056944)	('>500', 1.5263831625285127)	('>1k', 4.388382668725491)	('>5k', 1.3479960809979008)	('>10k+', 2.508484586089846)
Nac_oxy_7_2	(1.0, 49.13999913406574)	(2.0, 16.44595412354143)	(3.0, 9.439927424656286)	(4.0, 4.820250781756697)	(5.0, 2.4885199206970414)	(6.0, 1.221458043388229)	(7.0, 0.7479314147633582)	(8.0, 0.49148714354570294)	(9.0, 0.38318432561602717)	('>10', 2.932803069151715)	('>50', 0.934102604992976)	('>100', 2.555835427357694)	('>500', 1.5602670574041404)	('>1k', 3.8493359485321177)	('>5k', 1.3860376934484426)	('>10k+', 1.6029058870824884)
Nac_oxy_8_1	(1.0, 30.078545493015916)	(2.0, 12.943952802944272)	(3.0, 11.49260700658804)	(4.0, 8.267067986525872)	(5.0, 5.496002878720434)	(6.0, 3.3114432779292096)	(7.0, 1.9695719663035418)	(8.0, 1.331493410261127)	(9.0, 0.9327834821868066)	('>10', 5.472807238509445)	('>50', 1.0707384052915154)	('>100', 2.5359818261074816)	('>500', 1.5198313675752326)	('>1k', 4.305597284218314)	('>5k', 1.9118063607722546)	('>10k+', 7.359769213050549)
Nac_oxy_8_2	(1.0, 39.8712511446096)	(2.0, 12.421668939090766)	(3.0, 10.159265808220228)	(4.0, 7.0236165595918)	(5.0, 4.252735522372875)	(6.0, 2.5533792219907596)	(7.0, 1.468280309039209)	(8.0, 0.9765809967535627)	(9.0, 0.7030350609201734)	('>10', 4.213008413734591)	('>50', 0.8821745521443922)	('>100', 2.327253585323052)	('>500', 1.1983283076865638)	('>1k', 4.354038877761771)	('>5k', 2.4020459924076287)	('>10k+', 5.193336708353018)
