Sample	total_reads	total_tags	total_assigned_tags	cds_exons_total_bases	cds_exons_tag_count	cds_exons_tags_kb	5_utr_exons_total_bases	5_utr_exons_tag_count	5_utr_exons_tags_kb	3_utr_exons_total_bases	3_utr_exons_tag_count	3_utr_exons_tags_kb	introns_total_bases	introns_tag_count	introns_tags_kb	tss_up_1kb_total_bases	tss_up_1kb_tag_count	tss_up_1kb_tags_kb	tss_up_5kb_tags_kb	tss_up_10kb_tags_kb	tes_down_1kb_total_bases	tes_down_1kb_tag_count	tes_down_1kb_tags_kb	tes_down_5kb_tags_kb	tes_down_10kb_tags_kb	other_intergenic_tag_count	cds_exons_tag_pct	5_utr_exons_tag_pct	3_utr_exons_tag_pct	introns_tag_pct	tss_up_1kb_tag_pct	tss_up_5kb_tag_pct	tss_up_10kb_tag_pct	tes_down_1kb_tag_pct	tes_down_5kb_tag_pct	tes_down_10kb_tag_pct	other_intergenic_tag_pct	tss_up_5kb-10kb_total_bases	tss_up_1kb-5kb_total_bases	tss_up_5kb-10kb_tag_count	tss_up_1kb-5kb_tag_count	tes_down_5kb-10kb_total_bases	tes_down_1kb-5kb_total_bases	tes_down_5kb-10kb_tag_count	tes_down_1kb-5kb_tag_count
Nac_Sal_1	11045373	13930328	13445049	74244259	7282413	98.09	4624675	187423	40.53	24606306	1806149	73.4	1007265330	3867190	3.84	30156312	22865	0.76	0.37	0.3	31556701	68131	2.16	1.33	0.92	485279	52.27739791913012	1.345431349498734	12.965588462812935	27.760940015195622	0.16413827441823337	0.36617228251911943	0.5365487445808886	0.4890839612678179	1.3219071367163788	1.6304784783244157	3.483615030457287	111645395	107505217	23734	28144	108148470	106598443	42985	116015
Nac_Sal_2	11247675	13219645	12593865	74244259	5388974	72.58	4624675	133768	28.92	24606306	1365983	55.51	1007265330	5369916	5.33	30156312	23378	0.78	0.44	0.38	31556701	61644	1.95	1.36	0.98	625780	40.76489194679585	1.0118879894278554	10.332977927924691	40.62072771243101	0.17684287286080677	0.4543692360876559	0.7128860116894213	0.46630601653826553	1.4244860584380292	1.8229158196002995	4.733712592130878	111645395	107505217	34175	36688	108148470	106598443	52671	126668
Nac_Sal_3	3811544	4603379	4208875	74244259	2127260	28.65	4624675	30393	6.57	24606306	463438	18.83	1007265330	1313706	1.3	30156312	5134	0.17	0.09	0.1	31556701	23932	0.76	1.58	1.01	394504	46.21083773462928	0.6602324075423727	10.067344009693748	28.537863165296624	0.11152677196468073	0.2638713866488073	0.5568301024095561	0.5198789845459173	4.746774054450003	5.3970138022526495	8.56987877817577	111645395	107505217	13486	7013	108148470	106598443	29933	194580
Nac_Sal_4	32152491	42197073	41042355	74244259	24275050	326.96	4624675	554943	120.0	24606306	6357371	258.36	1007265330	8966011	8.9	30156312	63745	2.11	1.04	0.81	31556701	217835	6.9	4.14	2.79	1154718	57.527805305358505	1.3151220228000173	15.065905163611703	21.247945325496868	0.15106498026533738	0.3393576611344583	0.48057598686998976	0.5162324884477176	1.3549541694515161	1.6261578143109596	2.736488381551962	111645395	107505217	59590	79454	108148470	106598443	114440	353916
Nac_Sal_5	30423213	35009222	33232528	74244259	12338296	166.19	4624675	267607	57.87	24606306	3455609	140.44	1007265330	16296700	16.18	30156312	48590	1.61	1.08	0.99	31556701	161268	5.11	3.47	2.55	1776694	35.24298826177857	0.7643900227202992	9.870567817816688	46.54973480987381	0.13879200171886139	0.42486234055701094	0.7041458961870104	0.4606443410824725	1.3696134121460912	1.793241792119802	5.074931399503822	111645395	107505217	97775	100151	108148470	106598443	148309	318223
Nac_Sal_6	20143960	26311365	25519645	74244259	14984271	201.82	4624675	372519	80.55	24606306	3399175	138.14	1007265330	6205760	6.16	30156312	43885	1.46	0.72	0.57	31556701	123818	3.92	2.48	1.69	791720	56.949804770676096	1.4158102401756807	12.919037077703873	23.585853489547198	0.16679104257798863	0.3793189748992498	0.5414808391734902	0.4705875198797174	1.3023915710948482	1.5789716725072986	3.0090419102163644	111645395	107505217	42667	55919	108148470	106598443	72772	218859
Nac_Sal_7	8085184	9894960	9259822	74244259	5094297	68.62	4624675	82967	17.94	24606306	1005512	40.86	1007265330	2706943	2.69	30156312	10706	0.36	0.19	0.18	31556701	39949	1.27	2.02	1.32	635138	51.483755366368335	0.838477366255144	10.161860179323615	27.35678567674857	0.10819649599392014	0.2601021125906522	0.46527727247002515	0.4037307881992449	2.8242458787099696	3.275041030989514	6.418803107844802	111645395	107505217	20302	15031	108148470	106598443	44606	239509
Nac_Sal_8	13489300	17332170	16698174	74244259	9882191	133.1	4624675	235456	50.91	24606306	2286960	92.94	1007265330	3814714	3.79	30156312	29012	0.96	0.45	0.36	31556701	84037	2.66	2.42	1.58	633996	57.01646706673198	1.358491175657751	13.194885579820644	22.009442556817753	0.16738815739748686	0.35650469618057057	0.5240197851740435	0.4848613878123743	1.9263081310649504	2.238779102674391	3.6579147331234343	111645395	107505217	29034	32778	108148470	106598443	54158	249834
Nac_oxy_1	8981345	10221293	9653445	74244259	3526574	47.5	4624675	76821	16.61	24606306	1023519	41.6	1007265330	4734645	4.7	30156312	17592	0.58	0.35	0.33	31556701	49021	1.55	1.18	0.85	567848	34.502229805955075	0.7515781026920958	10.013596127221868	46.32139006288148	0.1721112974650076	0.4760356639810639	0.8011608707430655	0.4795968572664926	1.5923621404845747	2.0545052372532515	5.555539793253163	111645395	107505217	33232	31065	108148470	106598443	47237	113739
Nac_oxy_2	27080214	33638599	32477839	74244259	16736289	225.42	4624675	410163	88.69	24606306	4183874	170.03	1007265330	10407647	10.33	30156312	54398	1.8	0.92	0.75	31556701	163627	5.19	3.24	2.24	1160760	49.75322842666545	1.219322481295966	12.437717753940941	30.93959709796475	0.1617130368598288	0.3782737800703293	0.5574964641066056	0.4864263223328653	1.3287206164561134	1.6419589888389823	3.4506787871873024	111645395	107505217	60288	72848	108148470	106598443	105369	283336
Nac_oxy_3	31078716	38753287	37334615	74244259	18302991	246.52	4624675	382557	82.72	24606306	4930072	200.36	1007265330	12871616	12.78	30156312	51436	1.71	0.99	0.83	31556701	188564	5.98	3.69	2.6	1418672	47.22951887926307	0.987160134313252	12.721687324226199	33.21425612232583	0.1327268058577844	0.3529919926534232	0.5365996437927961	0.4865755000343584	1.3172353612223913	1.6499993923096126	3.6607785037692415	111645395	107505217	71154	85360	108148470	106598443	128957	321908
Nac_oxy_4	28521020	33817887	32305952	74244259	13027366	175.47	4624675	271951	58.8	24606306	3687815	149.87	1007265330	14523313	14.42	30156312	43011	1.43	0.93	0.83	31556701	159187	5.04	3.31	2.39	1511935	38.522117008670584	0.8041631932828921	10.90492436739173	42.94565476547958	0.12718417327492992	0.37962750304299026	0.6111440374734234	0.4707183509129355	1.3511163485761248	1.7411821146602093	4.470814513041574	111645395	107505217	78294	85371	108148470	106598443	131912	297732
Nac_oxy_5	19460302	23743782	22596100	74244259	10438514	140.6	4624675	212683	45.99	24606306	2738786	111.3	1007265330	8512631	8.45	30156312	28875	0.96	0.58	0.52	31556701	110664	3.51	3.4	2.29	1147682	43.96314790962956	0.8957418830749035	11.534750445400821	35.852043284427054	0.12161078635240165	0.3367618520082437	0.5421250919503894	0.4660757077368719	1.9807838532210242	2.378580632184039	4.833610753333231	111645395	107505217	48761	51085	108148470	106598443	94452	359649
Nac_oxy_6	10231825	13089076	12634548	74244259	6978494	93.99	4624675	168658	36.47	24606306	1727439	70.2	1007265330	3481292	3.46	30156312	20573	0.68	0.34	0.28	31556701	62512	1.98	1.23	0.85	454528	53.31540591558945	1.2885401536365133	13.197562608697513	26.5969270863734	0.15717687023896876	0.36183608376939674	0.5317640450708667	0.47758909796230076	1.3000535713903716	1.597225044762518	3.4725751458697314	111645395	107505217	22242	26788	108148470	106598443	38897	107653
Nac_oxy_7	22757001	26451871	25156806	74244259	9763367	131.5	4624675	214277	46.33	24606306	2641469	107.35	1007265330	11874438	11.79	30156312	35799	1.19	0.78	0.71	31556701	122460	3.88	2.74	1.98	1295065	36.909929736161196	0.8100636813176656	9.985943905442454	44.890730035693885	0.13533636240702973	0.4051206812554015	0.6656617976097041	0.4629540193962083	1.4308137220236707	1.8417411758888436	4.895929667886253	111645395	107505217	68918	71363	108148470	106598443	108698	256017
Nac_oxy_8	15980590	19501285	18742642	74244259	9132115	123.0	4624675	219639	47.49	24606306	2426714	98.62	1007265330	6522638	6.48	30156312	29546	0.98	0.53	0.44	31556701	95235	3.02	1.92	1.34	758643	46.828273111233436	1.1262796272143092	12.44386716054865	33.44722155488728	0.15150796473155487	0.3707140324342729	0.5678087367063247	0.48835243421138663	1.3587309759331245	1.6963292418935472	3.8902205675164483	111645395	107505217	38436	42748	108148470	106598443	65836	169735
